1500
52 480
184 341
452 379
425 61
65 493
349 0
207 94
30 197
238 155
290 434
277 453
143 93
362 251
496 68
378 140
206 445
404 430
388 491
101 57
134 14
158 480
96 325
30 109
145 395
297 307
387 340
179 266
411 292
347 338
341 389
251 45
487 235
114 462
363 145
85 315
197 13
238 303
419 150
383 105
333 299
238 286
64 83
468 145
212 176
215 58
232 229
201 82
203 247
428 39
229 424
321 402
355 264
86 449
499 272
287 69
321 176
157 455
207 7
475 424
442 259
93 359
47 413
276 196
251 458
312 246
58 62
116 122
478 446
485 48
492 204
443 271
213 258
112 150
64 155
403 147
385 52
289 406
467 233
277 123
362 107
113 384
282 453
464 50
421 394
432 91
206 41
181 312
447 71
251 407
50 60
226 26
52 294
5 93
235 158
408 343
383 429
482 11
284 459
320 162
27 230
30 108
173 172
47 363
424 355
122 478
249 102
356 170
233 34
384 67
258 114
257 379
483 235
213 287
300 219
181 470
43 81
365 400
312 353
450 203
443 352
44 159
148 305
10 53
225 451
179 148
484 452
40 71
426 289
484 140
154 294
333 360
451 257
285 401
156 48
35 18
300 302
353 330
69 293
154 310
396 80
309 201
499 459
355 2
184 46
404 214
282 116
158 427
71 68
13 479
330 374
305 249
141 405
333 129
45 144
252 355
120 82
189 147
168 368
442 195
24 151
178 288
321 156
313 12
385 378
128 473
353 314
430 454
116 358
237 89
311 279
81 327
320 26
237 107
455 381
456 239
140 428
41 2
97 271
191 399
219 1
141 483
261 62
379 497
153 231
387 356
50 499
193 84
241 376
137 9
348 228
304 164
15 129
78 476
261 397
201 276
84 83
129 243
500 14
62 364
384 188
282 237
279 497
487 311
353 166
101 272
274 271
77 169
367 484
71 85
38 302
390 378
78 24
478 459
2 116
497 276
238 444
166 426
55 197
188 265
143 417
105 495
270 318
107 319
486 11
96 311
183 353
466 327
288 154
318 18
136 301
382 271
420 183
266 229
176 125
284 144
464 76
130 302
459 392
197 100
338 170
27 219
300 146
56 231
167 426
236 300
282 109
198 289
14 447
196 253
345 310
354 56
134 437
274 315
145 167
63 208
498 427
320 31
231 51
202 369
255 410
485 189
429 310
28 369
443 142
158 306
215 181
92 375
383 320
121 182
344 252
314 41
431 296
347 111
492 6
399 390
366 472
38 330
149 217
84 456
127 470
413 266
472 41
119 275
71 212
226 263
57 316
57 200
217 113
19 375
76 100
229 148
116 421
314 82
370 185
266 113
163 49
389 182
142 90
66 318
473 69
268 180
369 499
440 73
423 146
328 214
366 26
325 141
291 378
449 469
371 329
260 464
486 204
458 71
291 262
336 307
224 137
126 112
457 78
393 179
487 329
434 340
490 483
480 232
258 227
93 130
404 204
79 228
484 182
388 234
423 426
163 6
398 155
197 240
3 24
250 488
458 473
484 432
298 153
487 101
9 448
42 313
491 74
123 490
483 268
257 4
255 24
411 464
240 81
173 14
233 228
432 136
86 84
112 346
294 134
308 2
89 30
75 313
300 234
122 421
30 410
250 16
213 458
485 459
204 26
17 311
109 90
456 359
93 129
54 120
176 335
33 273
154 144
466 59
29 314
281 475
466 150
222 72
256 402
284 443
14 292
129 94
221 403
209 232
111 472
34 255
389 425
52 380
247 34
414 71
302 181
54 249
467 179
99 82
114 317
296 351
494 9
185 375
460 258
88 467
291 447
185 387
221 292
423 277
443 387
141 46
414 83
272 85
259 132
188 356
250 494
159 196
477 191
437 47
300 10
224 144
147 115
345 193
343 384
470 88
381 193
59 254
218 173
216 198
63 481
214 196
227 142
186 114
116 75
458 247
175 393
477 326
98 322
497 189
182 429
359 240
410 263
122 109
13 2
159 261
17 447
463 19
51 324
309 446
296 454
420 348
159 438
41 436
32 152
86 466
470 343
443 57
90 467
73 465
183 302
249 133
2 239
184 467
445 350
145 444
356 244
281 333
22 468
172 79
292 437
353 127
293 125
133 176
236 204
284 455
479 288
185 42
420 451
97 352
147 183
7 94
438 160
159 222
129 416
350 12
252 383
477 179
312 382
392 316
226 95
178 155
13 315
290 351
494 404
85 470
211 251
34 285
491 133
351 211
25 2
146 137
204 360
92 302
9 426
21 470
356 363
70 482
210 286
419 375
229 342
153 409
120 48
203 231
466 24
57 387
305 426
448 250
59 82
345 479
428 417
234 309
438 278
280 292
134 255
315 121
94 122
485 245
167 283
31 191
367 469
361 333
121 311
49 276
437 469
0 454
228 99
322 90
169 395
443 310
25 444
470 120
285 126
448 101
150 263
346 43
50 372
55 39
14 260
97 68
39 40
437 53
29 350
3 340
268 19
128 262
430 217
279 65
350 44
200 82
401 183
132 335
411 426
400 25
412 60
419 65
455 373
96 24
245 108
393 389
26 56
217 347
106 280
292 34
192 353
49 111
464 349
492 94
152 177
279 281
59 485
97 57
59 19
184 106
31 160
491 174
331 141
450 310
0 460
453 257
80 446
228 433
366 236
432 115
156 199
322 388
181 175
308 123
436 195
155 441
200 17
117 65
195 182
130 191
326 181
196 331
291 183
106 448
106 412
166 30
4 446
409 470
189 162
35 1
383 307
175 75
28 79
285 10
300 229
381 382
104 166
35 357
119 388
393 163
5 488
131 417
443 89
297 49
462 274
103 219
33 301
31 392
161 61
21 118
480 84
423 173
81 255
442 346
71 263
353 219
134 61
292 251
359 71
49 27
145 383
262 116
224 432
99 478
178 257
425 76
30 196
355 24
370 202
287 410
154 53
13 26
30 24
350 144
89 97
129 334
197 370
453 160
275 253
29 336
120 316
161 493
369 328
449 56
35 64
200 458
149 255
82 196
384 345
143 423
414 427
283 223
171 2
327 50
19 76
267 428
252 462
211 441
274 217
478 1
313 3
262 324
188 418
297 153
222 150
40 416
441 251
393 174
154 59
423 351
201 442
81 44
178 373
335 172
245 36
228 165
147 418
442 40
314 383
258 294
373 64
270 440
479 250
26 263
80 374
233 41
328 150
22 389
191 340
415 201
173 235
25 378
452 496
227 490
43 370
304 451
382 244
414 60
13 474
399 486
411 217
320 213
281 380
481 273
41 255
132 358
291 229
24 468
323 436
285 379
411 409
194 80
5 335
153 347
282 449
91 369
237 60
217 158
239 306
420 114
262 88
411 248
121 194
292 331
426 93
65 108
435 461
86 132
332 198
371 166
66 74
240 339
323 138
392 27
36 459
265 189
125 374
260 488
57 496
2 279
236 8
174 173
489 326
199 330
333 175
479 473
393 471
1 61
231 248
207 203
73 69
77 108
9 304
40 24
396 434
354 348
72 434
94 32
119 324
254 200
410 81
308 170
377 381
156 323
123 235
300 29
6 177
358 485
267 45
24 478
201 470
292 4
320 37
216 428
274 92
282 359
207 400
94 84
421 251
308 27
115 230
326 320
44 72
50 279
340 242
438 283
368 179
361 69
163 121
389 296
265 14
269 492
0 141
23 423
325 301
490 408
81 148
174 227
354 451
2 153
293 191
90 42
466 426
315 439
126 108
439 308
96 227
279 270
119 261
59 195
340 437
40 254
49 416
145 55
18 451
290 228
145 388
35 123
256 85
105 45
468 294
332 193
460 474
486 90
1 486
335 142
73 247
88 157
55 142
171 38
172 69
377 29
88 158
310 240
298 160
334 426
106 172
34 274
499 218
9 37
404 242
272 328
330 427
201 305
488 66
156 199
452 44
398 104
196 396
92 375
179 60
32 159
490 109
486 81
347 29
317 182
231 358
485 59
385 454
467 461
306 99
44 207
374 199
277 159
476 124
194 83
26 221
66 337
330 339
125 314
359 388
36 438
359 105
19 117
123 25
278 279
452 175
143 151
102 158
240 328
11 311
100 436
300 315
483 101
286 272
33 414
409 263
334 96
97 115
304 310
407 292
373 359
464 197
420 237
464 426
292 114
200 339
318 328
308 464
292 288
491 87
391 22
140 327
395 475
318 498
228 474
119 108
11 206
65 477
326 341
82 440
104 275
170 121
123 183
241 13
354 83
292 280
485 475
352 488
81 9
154 14
104 110
124 480
329 177
117 394
98 499
228 230
407 496
323 157
496 292
33 1
67 483
218 433
283 177
164 341
225 67
131 45
61 404
444 105
468 224
47 193
286 323
111 233
246 348
151 136
51 80
259 431
200 345
122 155
411 100
110 461
273 296
310 425
107 247
87 422
188 119
141 265
407 14
33 152
14 451
348 34
107 125
317 342
351 26
467 409
347 437
131 131
334 391
177 245
454 68
349 203
440 48
388 486
147 223
144 31
38 416
467 478
471 148
332 282
183 193
231 417
242 1
219 151
101 490
220 359
365 375
151 327
283 88
225 220
181 412
480 492
309 483
265 108
16 463
122 399
302 237
221 490
350 398
293 274
266 150
63 85
223 1
113 211
431 158
380 98
125 27
267 77
73 111
291 461
369 489
418 215
478 487
360 440
487 9
433 214
88 79
43 58
174 74
332 489
229 306
172 46
190 133
81 310
278 324
327 209
196 67
373 264
472 130
404 145
443 283
320 131
296 187
208 357
492 41
238 205
171 151
118 18
97 442
207 317
233 40
153 466
417 440
52 53
318 51
341 113
439 319
130 53
457 69
46 273
163 167
327 341
404 349
489 365
465 295
127 254
12 308
266 77
137 93
403 426
200 377
154 325
172 241
337 309
157 219
451 392
377 203
458 418
136 75
276 35
60 232
58 383
54 456
106 436
89 357
485 185
452 154
210 198
336 466
254 162
475 400
236 300
195 133
424 292
338 248
228 405
303 228
406 373
231 24
329 240
223 245
272 99
75 291
297 342
219 164
54 180
293 267
280 388
321 75
126 126
335 426
183 77
330 131
275 120
268 108
498 359
500 414
339 263
431 80
232 5
340 411
10 39
404 342
33 35
23 488
70 14
416 201
276 275
405 420
401 15
251 347
196 99
167 129
51 407
137 478
105 237
92 468
500 77
413 155
273 434
379 442
408 52
131 27
146 30
399 206
65 444
463 448
451 396
325 312
194 484
223 247
136 242
93 352
232 401
412 254
260 467
85 384
383 60
88 473
109 261
57 311
231 238
114 45
155 337
486 13
447 140
181 261
69 405
137 106
363 8
315 212
481 476
490 475
450 402
436 35
143 297
128 470
217 7
247 496
494 280
485 319
401 409
237 155
357 25
292 126
39 87
50 172
393 66
250 136
283 353
116 354
366 26
417 473
339 294
288 322
175 212
462 425
191 242
361 7
33 35
126 294
352 128
406 178
492 160
76 482
364 9
424 111
454 266
480 31
416 193
182 421
174 383
43 168
114 476
323 3
252 40
376 189
454 459
490 47
60 446
177 370
431 442
370 488
446 172
271 184
357 86
201 406
255 267
435 491
220 382
396 349
191 2
421 44
484 348
234 170
389 384
402 45
416 481
70 177
445 180
226 51
143 64
9 399
22 435
422 248
261 227
320 269
354 181
321 219
36 54
50 496
384 322
253 359
363 230
373 389
478 477
269 28
126 360
417 464
427 226
50 459
94 432
244 479
427 330
309 36
87 140
282 114
410 288
38 27
268 457
217 73
40 100
142 166
21 300
205 239
290 292
343 98
18 178
48 191
38 390
309 430
379 463
434 214
400 79
3 470
285 254
133 111
133 79
21 375
379 154
29 293
265 258
119 475
359 83
172 235
471 325
341 71
231 232
273 343
382 63
47 320
395 186
251 266
349 263
53 274
279 410
22 92
412 467
168 169
40 378
221 178
417 160
328 246
332 223
20 417
398 254
164 395
60 395
80 355
120 349
345 199
59 136
78 359
67 368
68 97
453 385
309 494
114 191
133 120
421 298
406 465
361 144
218 341
123 100
354 463
38 10
291 146
414 446
250 262
299 93
473 104
241 313
223 343
218 469
68 315
65 137
224 323
26 207
121 269
252 265
386 240
237 1
288 42
12 229
98 339
151 242
334 265
125 165
392 180
385 358
240 155
412 416
101 181
242 207
445 411
419 87
435 378
296 231
198 122
175 394
58 476
494 171
185 314
270 366
41 227
258 237
406 52
233 107
340 253
94 47
407 439
450 76
281 151
407 102
356 452
125 334
386 164
5 471
441 353
124 272
80 227
18 95
337 233
25 102
485 55
117 431
432 359
358 488
431 222
97 186
21 448
62 241
81 110
182 344
425 102
459 406
19 283
108 340
294 408
414 421
457 81
469 335
466 272
218 251
483 163
198 498
453 395
97 188
335 272
67 145
189 353
417 153
275 149
285 90
463 213
374 380
21 434
16 438
290 322
198 433
175 4
202 269
396 350
313 178
102 78
24 99
245 19
115 161
236 338
255 398
100 236
90 383
51 423
93 192
339 65
494 153
116 310
61 71
74 87
0 69
225 357
432 202
493 137
468 52
445 150
101 466
394 207
128 323
252 417
22 263
153 1
304 248
341 59
19 276
417 378
262 12
209 35
280 242
364 335
173 200
216 287
324 27
226 484
44 365
110 351
382 437
379 143
13 39
324 364
241 339
279 70
47 105
418 214
373 483
263 155
24 171
424 467
469 307
482 291
56 271
292 226
255 357
28 435
180 451
