3000
402 201
310 334
404 336
316 368
43 305
188 167
297 328
435 274
199 181
473 209
397 226
300 116
6 172
132 252
231 158
25 149
455 238
33 99
455 281
240 335
1 290
98 246
274 109
349 385
200 136
419 181
282 194
141 25
379 394
205 309
79 333
34 51
409 137
100 365
281 453
232 340
293 56
321 307
51 61
480 483
462 416
55 90
355 41
462 277
29 421
455 321
432 369
480 19
320 117
115 199
2 331
300 285
70 104
446 114
187 412
243 335
189 294
20 77
337 25
475 92
243 18
437 267
447 497
258 159
44 13
113 270
476 289
260 291
332 500
294 342
400 155
429 4
29 58
315 134
237 15
268 207
398 491
365 449
13 77
195 263
319 170
0 116
23 34
416 288
6 172
51 6
204 474
491 325
373 339
117 291
134 340
478 168
44 314
377 331
100 276
383 206
154 35
49 300
149 190
91 307
391 218
288 441
83 187
309 251
127 82
222 252
192 280
38 143
19 44
92 109
353 475
345 235
109 347
458 351
192 72
333 165
100 26
257 473
310 95
62 497
362 97
212 411
403 330
66 105
384 221
423 193
386 41
492 376
2 177
112 158
213 127
413 224
80 384
146 470
408 124
428 465
181 288
486 114
432 328
420 195
378 366
173 8
68 357
354 130
314 365
465 146
406 357
213 305
438 314
103 5
408 38
408 477
87 259
36 187
377 114
346 99
257 352
329 63
346 257
261 68
294 17
433 449
354 161
429 157
351 22
332 139
405 314
324 123
81 129
37 463
253 332
86 77
431 193
394 385
141 15
463 499
36 164
372 417
269 38
443 218
44 311
214 488
450 62
357 356
193 30
233 109
168 72
228 259
300 313
215 337
33 49
273 348
439 334
363 220
38 147
31 87
418 194
473 164
317 383
463 146
455 54
441 111
260 290
333 300
149 186
454 392
365 16
431 206
288 416
196 77
164 389
483 205
447 136
18 488
425 431
272 401
153 241
318 384
500 442
189 470
65 279
494 479
420 482
322 378
8 413
42 190
241 115
149 57
83 303
137 498
486 88
484 366
306 176
75 413
135 418
81 267
53 458
162 416
347 115
276 440
101 438
33 416
372 378
270 349
284 421
187 306
265 29
379 390
153 493
409 291
58 98
274 71
237 246
85 99
269 122
413 362
215 457
147 332
358 35
412 437
390 184
226 72
413 346
252 381
175 55
338 188
284 241
191 165
51 258
230 78
168 135
171 294
236 442
71 260
45 263
376 486
209 217
50 253
244 278
336 147
362 181
71 435
484 350
317 185
323 154
97 338
427 31
151 278
379 243
392 211
196 471
448 167
228 446
114 187
390 339
204 0
314 195
128 403
341 132
205 211
190 460
199 423
133 376
341 335
460 422
27 55
49 3
322 344
307 122
322 65
298 7
470 450
332 418
402 3
339 147
173 241
37 257
182 232
22 475
14 169
245 285
1 275
295 203
140 410
301 80
440 355
119 364
380 143
361 144
417 465
130 130
409 32
130 235
251 90
89 253
269 481
387 249
307 3
233 411
155 88
42 47
161 304
195 392
53 36
271 88
396 416
111 90
261 379
427 166
164 247
240 72
269 442
472 11
371 249
243 386
90 86
69 371
456 353
458 383
49 325
411 269
225 38
204 26
190 111
479 287
204 390
253 156
217 271
80 471
447 150
112 450
453 367
218 419
19 474
403 258
340 444
482 431
350 103
476 138
210 320
298 363
482 303
58 196
172 1
412 199
323 473
25 131
109 72
411 98
169 135
84 420
142 376
492 473
148 175
283 14
154 33
330 386
420 350
59 214
116 402
323 23
471 412
268 112
415 199
113 437
273 358
405 276
453 218
383 471
181 228
129 371
284 2
205 20
379 86
313 400
271 139
258 177
471 413
118 93
115 350
15 432
82 423
58 59
27 317
282 181
185 328
188 388
447 60
11 166
415 323
223 93
74 171
9 66
27 115
122 36
216 385
402 324
36 151
27 183
327 16
169 212
122 13
234 212
283 145
262 73
412 242
476 500
492 118
209 450
54 80
27 316
421 328
5 274
145 245
21 37
170 246
133 15
432 363
86 112
148 320
451 213
127 242
375 140
389 433
126 410
221 181
489 147
173 110
357 274
434 167
158 291
4 418
460 309
371 261
335 493
31 449
155 177
260 17
177 144
44 473
353 141
205 124
88 287
315 269
160 61
239 392
295 259
161 450
234 289
333 436
79 329
213 280
97 93
147 67
11 439
0 295
229 199
390 204
5 56
158 7
349 432
203 183
443 55
357 316
260 2
456 204
477 399
35 107
254 228
51 445
14 190
450 78
124 309
398 422
418 434
104 330
6 451
229 441
4 488
365 225
280 230
448 181
60 53
327 10
382 322
211 481
222 270
67 87
228 48
353 238
88 410
187 135
137 488
171 173
452 69
369 89
370 219
321 46
417 498
381 379
32 166
471 84
73 398
147 234
493 266
387 496
56 134
217 65
264 111
181 304
431 449
230 350
92 123
174 478
150 303
146 98
287 252
231 228
20 392
336 212
375 298
380 347
125 203
21 485
100 190
187 441
450 164
383 362
480 435
462 379
167 172
427 472
145 155
97 184
406 375
216 454
161 134
391 409
96 198
234 133
60 215
159 466
82 214
35 344
307 85
367 311
441 25
0 301
86 13
417 376
303 394
148 243
228 39
366 472
371 498
396 444
239 359
224 96
156 76
459 215
346 281
276 333
139 31
28 181
386 487
467 118
446 449
444 318
316 56
137 496
348 243
256 393
242 498
48 322
114 456
146 390
204 243
4 454
143 310
27 404
359 13
156 178
309 193
53 326
404 230
397 147
396 35
101 211
39 197
420 415
49 323
38 7
228 58
130 264
269 347
288 390
155 2
123 145
43 303
381 223
298 299
410 199
424 215
24 120
357 269
261 80
99 183
464 165
418 156
345 178
124 216
313 192
444 124
432 44
278 433
198 466
78 378
480 20
20 338
75 141
146 217
289 489
200 228
273 244
120 53
454 41
40 282
72 314
229 389
194 147
183 52
280 363
166 118
252 339
472 228
377 65
50 319
28 241
443 477
282 181
250 394
280 76
302 282
339 56
125 63
141 430
94 335
55 377
225 109
375 331
367 443
20 384
171 405
241 343
77 305
494 201
16 20
325 486
168 184
322 310
112 309
85 215
452 493
170 81
181 142
432 147
283 428
364 123
19 302
335 450
34 219
204 223
273 338
9 42
443 244
276 295
51 353
217 309
61 500
490 346
130 379
161 192
336 211
142 236
121 112
377 55
339 70
26 277
77 365
77 340
47 212
224 342
300 462
203 99
164 25
308 92
350 405
336 296
432 191
239 484
287 75
167 313
463 127
203 13
368 193
21 309
77 348
300 223
422 120
7 336
280 122
126 84
172 455
172 422
481 432
387 117
349 362
368 430
385 169
459 231
160 175
330 467
375 399
90 434
72 418
387 492
286 159
363 334
483 23
336 50
158 285
102 259
236 258
268 298
267 163
190 123
149 362
155 7
192 164
80 80
451 32
247 229
153 160
424 288
149 485
188 43
397 109
441 500
444 144
461 114
437 227
465 260
183 319
118 416
149 16
327 362
27 479
444 132
165 387
214 131
203 385
359 445
335 7
221 358
332 320
381 119
333 203
185 301
85 176
202 195
371 265
276 206
74 181
85 219
13 125
120 414
160 274
496 233
220 110
149 345
39 470
278 22
34 488
209 305
183 166
209 102
302 222
147 85
180 320
58 64
143 440
287 406
320 196
30 314
136 150
491 419
359 87
248 498
37 51
227 328
224 29
369 67
184 497
266 80
152 64
130 343
53 482
410 66
376 457
70 400
431 208
449 467
475 195
108 257
470 419
339 403
409 459
185 459
394 447
255 455
331 224
425 317
289 484
92 0
237 106
120 319
293 83
402 52
417 111
62 43
204 415
432 16
55 434
139 191
2 309
244 143
373 235
490 94
420 201
493 349
366 292
371 127
421 499
128 293
177 419
21 466
149 406
278 184
487 442
239 453
485 299
94 266
289 497
120 459
85 46
224 473
0 320
89 83
262 317
421 303
316 405
432 481
167 82
240 268
26 176
247 42
267 172
354 335
161 470
162 32
207 187
64 281
213 267
169 39
13 289
133 316
459 207
96 60
12 211
118 314
109 247
187 131
324 469
312 66
488 16
228 122
73 423
460 470
108 166
438 286
402 374
286 17
138 244
4 212
108 339
156 500
173 315
87 326
301 206
96 306
69 427
329 417
325 331
71 39
67 249
244 19
115 480
312 280
203 337
79 306
354 33
136 225
313 319
8 286
76 499
360 144
163 53
420 6
174 498
385 429
466 292
495 244
289 427
357 194
451 414
24 163
363 418
337 245
12 300
495 192
257 329
415 385
105 217
433 152
18 56
106 170
338 69
366 72
430 342
307 476
181 241
305 0
179 75
111 295
120 332
72 303
93 92
431 271
244 275
131 325
127 44
474 258
390 346
150 358
474 401
239 394
183 431
397 273
191 339
479 217
267 219
204 331
127 454
19 20
302 343
209 413
249 76
248 449
159 96
112 464
136 315
49 39
406 276
249 421
453 178
298 148
208 333
284 80
402 45
169 463
18 170
47 334
432 82
395 409
448 454
378 165
9 170
356 395
262 108
420 447
216 259
265 232
173 7
367 110
241 6
48 195
188 50
274 379
304 117
155 111
301 156
262 34
428 199
414 406
154 261
78 438
236 470
341 86
311 242
389 467
436 472
319 499
228 6
20 201
488 95
31 441
479 261
239 242
208 95
241 183
38 395
171 234
312 139
48 360
350 377
88 324
383 184
409 324
448 286
62 295
332 282
478 340
137 439
306 439
0 73
287 246
360 211
397 422
23 390
315 440
59 138
498 470
319 307
439 363
450 49
226 286
11 365
407 149
230 94
27 332
82 147
492 493
11 284
339 445
483 116
52 9
371 471
53 477
488 440
0 205
68 175
134 324
424 66
185 28
440 54
237 432
131 466
452 57
183 69
378 342
88 322
29 493
116 406
364 319
227 275
10 113
158 408
32 102
363 192
217 455
493 393
189 475
432 93
304 70
393 20
104 340
342 162
339 358
356 86
78 209
119 330
382 107
179 277
182 465
37 458
120 117
425 479
207 253
347 67
327 386
227 308
281 340
231 109
415 104
56 204
430 207
161 412
68 54
365 484
85 412
414 295
229 341
169 255
414 239
20 5
189 120
285 134
166 463
288 234
49 234
21 103
393 431
100 236
395 77
438 357
314 387
283 1
212 106
145 264
119 69
24 495
184 191
38 400
6 404
417 291
457 377
52 171
486 495
211 159
407 252
436 418
207 318
19 213
136 443
167 464
363 459
409 327
142 416
390 487
150 454
228 178
132 346
346 115
302 340
148 204
116 353
172 78
148 77
346 377
141 108
299 250
233 93
105 357
409 283
197 309
35 111
106 160
197 114
495 243
185 240
178 142
23 453
370 51
328 206
183 327
111 43
13 215
302 287
68 465
303 95
218 407
129 326
326 70
414 277
119 103
295 284
430 395
286 207
459 303
315 81
259 44
154 474
465 317
220 235
97 222
115 27
256 308
417 157
364 146
493 366
177 62
222 238
267 469
231 238
131 406
81 421
397 129
24 265
208 282
204 307
5 289
280 313
111 189
79 338
338 438
19 394
46 344
369 159
254 72
2 308
232 157
94 44
432 0
193 165
308 418
109 379
146 6
368 206
221 336
455 173
478 141
249 170
71 467
141 107
397 496
23 377
330 221
237 240
91 89
372 30
361 47
65 291
172 87
7 114
37 484
296 276
234 88
121 427
406 187
282 405
317 182
308 201
402 251
294 454
228 32
471 497
55 156
252 280
36 323
170 2
183 225
63 340
281 316
373 439
483 159
191 285
212 324
65 268
45 277
247 2
302 299
369 369
203 258
420 391
152 189
15 56
265 247
399 438
478 355
8 172
427 261
230 282
490 324
291 178
299 162
270 287
75 233
78 403
422 109
267 248
270 175
187 240
176 68
265 388
14 65
434 222
278 443
135 476
283 86
364 483
246 12
273 243
312 151
401 95
23 309
366 142
240 278
260 115
244 142
237 300
58 172
350 174
159 397
359 88
456 103
267 343
41 149
351 420
64 186
169 194
373 235
365 95
338 105
391 237
350 443
351 130
420 299
435 137
14 271
103 81
105 156
35 78
461 487
398 269
422 91
174 374
342 426
301 185
221 103
101 169
462 382
186 486
467 81
294 170
382 404
203 466
431 410
178 170
336 309
293 147
29 425
428 416
60 431
11 429
359 476
490 28
252 404
353 257
112 5
385 105
250 353
20 31
201 481
196 212
348 399
274 387
174 152
150 442
248 28
315 357
374 35
37 306
428 221
111 319
401 198
135 256
411 479
420 379
353 459
329 478
256 486
282 209
495 7
35 369
429 280
272 348
69 134
96 262
496 56
340 23
406 437
191 89
466 252
32 180
345 299
292 144
254 457
9 47
485 454
37 126
30 499
425 44
103 419
446 12
476 113
88 123
149 394
181 162
495 485
76 450
21 368
140 352
217 455
247 478
151 216
204 478
318 10
432 436
325 332
93 392
492 20
363 345
121 372
167 378
330 295
122 282
203 201
29 169
348 449
268 224
279 320
386 43
487 84
413 190
345 238
71 296
161 383
146 328
85 175
65 314
200 9
428 481
189 467
243 149
232 273
243 143
16 238
17 99
330 367
101 448
353 84
419 358
388 229
63 14
220 140
109 232
67 43
176 201
204 343
442 427
386 181
315 176
469 388
4 3
310 78
302 25
229 307
90 142
118 215
112 377
411 296
192 197
20 336
377 331
277 432
69 267
217 393
330 170
490 329
286 476
486 444
224 361
140 19
119 211
407 16
343 332
38 255
160 305
145 32
457 319
266 222
209 32
87 228
62 75
345 6
108 37
39 418
329 345
209 174
122 188
321 103
46 266
306 252
474 422
312 95
268 447
351 426
459 279
184 193
300 155
316 3
17 86
479 243
257 199
179 448
127 33
406 236
496 169
374 115
65 124
57 256
83 69
376 214
273 347
460 354
189 172
411 415
269 499
369 313
168 166
95 248
64 175
42 266
403 183
202 49
117 50
469 158
417 376
198 395
497 452
254 5
20 405
239 432
369 76
94 194
57 132
447 323
160 57
159 24
451 52
294 59
241 251
152 456
179 382
33 250
171 176
437 449
339 366
123 409
180 449
438 322
425 52
270 463
280 499
412 45
244 156
288 221
76 141
102 493
345 361
471 229
296 152
198 167
109 453
13 134
184 267
488 352
427 117
23 387
177 451
420 362
60 489
91 321
162 329
420 345
153 11
141 191
212 207
293 437
53 150
447 306
55 417
358 324
439 180
98 270
274 389
403 366
104 199
6 213
108 122
53 80
194 367
136 169
337 113
216 480
387 24
321 204
345 43
348 356
377 266
155 260
125 30
301 67
171 370
286 152
343 451
353 195
125 413
5 248
253 174
103 222
208 337
96 407
64 95
17 391
69 0
429 290
7 167
465 474
206 259
119 355
67 0
409 108
238 245
117 228
131 127
411 484
200 37
11 281
4 240
154 119
24 241
472 347
248 239
161 281
52 379
162 398
284 172
304 450
450 45
435 163
368 124
176 224
231 491
77 14
63 85
255 160
287 213
286 215
218 143
140 329
176 329
33 104
145 35
133 422
132 160
449 97
228 98
449 440
453 462
226 354
330 23
80 79
180 465
109 67
215 108
344 12
216 245
123 53
114 43
92 18
310 366
28 443
389 186
158 1
222 1
95 493
416 166
87 120
124 185
129 221
382 492
445 109
5 183
25 138
430 73
39 32
132 130
38 304
473 82
234 94
88 413
343 319
245 107
248 285
315 473
79 59
110 127
99 436
298 223
103 95
75 274
428 394
460 198
396 67
10 276
126 154
455 145
307 245
484 431
369 190
28 75
391 187
29 305
19 466
140 347
190 415
365 23
261 445
248 298
410 304
279 144
349 237
483 379
486 396
343 302
173 190
457 323
288 88
84 298
371 17
2 272
324 130
324 405
135 62
425 175
83 132
146 475
32 142
209 115
13 218
257 389
439 99
476 310
111 367
481 338
153 336
494 119
237 297
87 182
10 346
335 485
305 369
185 209
218 150
474 74
251 476
414 487
273 134
394 136
376 53
318 406
470 500
395 457
303 97
469 67
450 240
247 424
415 141
415 70
76 471
386 43
112 459
322 145
384 50
171 175
45 350
420 342
188 77
346 372
110 33
178 288
337 97
382 285
209 113
394 53
398 81
426 64
26 247
263 108
324 156
159 333
387 207
177 3
340 244
43 304
448 429
133 64
42 292
264 456
312 433
271 452
296 257
46 40
497 7
497 155
31 387
178 303
10 17
442 348
32 204
196 399
452 467
339 293
65 230
115 72
454 380
384 80
104 23
176 445
454 175
209 342
236 25
352 297
485 240
19 304
459 108
138 54
66 478
461 135
132 260
441 17
217 286
238 121
79 147
128 220
203 345
254 334
287 275
132 323
127 296
128 154
413 125
135 88
53 49
233 338
208 207
355 0
154 38
185 185
442 351
455 298
472 475
244 137
480 475
27 180
195 138
258 41
227 156
281 282
284 254
327 339
386 12
197 300
344 181
227 353
11 428
163 361
232 493
149 110
112 418
309 235
24 199
301 338
174 118
102 357
46 340
69 472
88 305
282 0
258 303
142 428
72 153
418 50
44 306
493 19
357 15
486 488
121 371
403 98
424 81
108 472
395 328
458 266
430 49
149 152
81 387
310 273
108 269
474 452
269 82
435 288
241 39
78 256
211 115
304 15
398 213
486 214
112 190
331 104
344 487
39 430
418 181
60 150
325 110
315 95
306 203
451 140
239 48
64 249
38 469
439 480
405 154
228 390
389 4
330 429
160 459
324 162
233 222
43 410
471 240
399 245
243 246
325 314
184 365
62 185
103 169
154 382
136 408
209 350
479 131
121 475
89 78
432 309
337 274
362 298
108 439
255 347
188 143
442 92
15 332
242 104
249 499
272 273
191 191
221 109
93 345
95 299
177 217
165 205
221 500
0 313
48 264
416 217
272 447
169 226
351 441
193 420
263 133
3 37
38 378
428 345
16 341
346 53
40 415
310 428
245 163
498 19
342 336
458 346
291 458
427 480
22 144
137 382
307 125
140 241
468 19
120 401
19 326
182 190
123 263
492 244
415 127
4 47
476 28
482 299
202 292
447 361
464 383
287 191
494 466
418 287
378 402
24 308
441 369
193 226
456 115
86 375
315 143
148 264
222 20
87 276
109 397
380 77
123 70
294 425
262 484
114 158
465 379
56 401
195 449
15 11
79 244
405 19
263 13
144 223
180 271
284 409
476 8
365 235
109 467
213 324
132 227
61 124
59 451
303 422
463 441
253 446
259 16
54 291
358 199
28 34
57 231
421 122
62 52
15 354
389 366
448 438
103 316
32 165
48 214
385 129
421 84
308 333
11 409
487 184
330 56
397 361
149 62
101 205
398 326
153 132
159 123
72 50
200 335
178 322
142 106
343 472
473 235
243 165
53 294
183 471
201 271
118 127
500 454
337 464
343 404
222 458
166 175
202 142
148 338
430 148
434 16
3 450
283 261
323 196
471 302
58 340
67 407
263 473
288 352
261 381
371 330
17 422
224 377
420 73
423 77
321 339
210 338
186 311
63 56
31 42
399 222
428 288
344 181
192 495
485 257
154 333
137 433
277 112
352 453
492 150
459 196
450 375
394 298
424 155
291 172
156 487
466 486
435 288
455 383
420 206
17 262
271 19
100 80
200 19
453 127
68 241
136 410
230 493
253 491
413 213
347 139
324 397
76 178
81 177
396 493
440 346
33 357
409 168
302 364
153 404
322 133
290 310
47 263
97 131
168 379
482 188
318 471
380 279
179 301
413 263
26 61
362 449
41 184
423 225
257 196
93 292
353 108
50 83
142 465
435 285
467 266
465 153
316 62
357 276
226 441
263 283
29 469
490 106
236 293
210 142
189 317
349 47
485 147
368 406
329 370
55 74
302 155
3 286
282 286
88 57
277 457
251 229
422 282
486 141
399 142
60 318
73 408
164 339
282 403
78 216
318 192
302 376
210 5
111 94
408 440
399 230
448 217
13 235
407 104
318 309
280 47
288 120
329 139
69 17
427 49
491 112
428 462
98 55
30 71
157 244
124 189
42 141
14 371
492 134
336 16
368 98
321 302
379 252
304 6
89 367
330 258
106 486
308 85
220 457
125 168
112 269
18 487
123 328
422 206
207 150
186 411
382 316
88 398
474 138
67 36
484 21
89 17
352 126
103 274
479 310
134 300
277 25
498 23
15 266
62 121
360 129
226 341
385 367
43 17
33 420
168 259
298 295
498 272
161 439
412 86
271 465
169 154
173 450
152 234
262 450
240 422
498 473
253 153
254 165
173 391
268 290
343 333
122 494
483 359
199 325
86 314
103 436
183 498
37 424
235 243
229 383
415 159
254 32
488 275
485 71
132 483
384 439
92 116
366 248
115 407
18 413
499 204
27 29
362 75
427 110
164 438
94 21
19 278
437 288
172 104
183 30
312 62
369 152
18 87
156 439
371 407
386 386
423 237
152 489
479 461
415 176
141 73
126 4
206 326
460 340
73 67
466 28
154 263
310 165
446 472
276 478
2 294
434 396
253 487
446 405
301 190
261 375
432 268
80 207
212 466
165 50
345 329
408 350
286 447
164 189
16 190
321 134
211 399
187 326
127 334
189 178
201 186
133 317
137 1
187 360
499 250
250 8
492 55
403 49
141 186
268 36
57 467
199 372
399 76
181 420
68 322
299 346
211 202
315 45
451 326
79 176
165 239
332 6
347 64
233 341
484 338
254 470
471 244
164 62
48 294
426 11
300 221
170 66
25 401
118 495
438 1
234 15
134 307
309 331
447 94
440 418
227 493
458 199
420 326
404 125
152 328
464 34
499 443
412 102
236 419
81 358
57 283
2 293
438 225
123 110
471 249
302 122
426 304
29 272
216 250
71 486
107 26
439 1
472 410
149 101
453 135
444 127
4 421
325 427
386 10
414 444
205 131
103 489
41 233
394 426
68 338
167 45
60 172
23 221
90 177
386 465
438 65
194 160
229 195
258 398
439 493
250 278
88 384
344 206
137 464
455 239
194 276
250 396
341 406
352 280
219 113
48 77
360 84
309 212
106 205
176 308
158 470
39 7
471 23
499 207
303 425
138 110
71 140
368 138
294 335
265 200
92 12
181 303
165 345
152 330
184 398
9 370
26 163
405 417
170 63
481 326
457 334
272 382
45 40
55 487
171 140
205 208
484 358
129 96
460 271
412 365
307 458
99 303
332 376
411 431
312 193
366 170
0 220
265 357
331 357
419 31
234 373
309 484
139 413
94 235
69 440
351 307
385 30
249 382
301 415
392 200
222 303
476 379
47 11
422 350
450 323
115 223
5 130
168 422
247 440
45 362
275 283
1 126
281 93
306 233
59 143
394 162
463 167
253 240
228 472
326 477
359 93
164 12
56 167
81 122
347 188
213 150
155 296
131 88
444 252
265 7
42 451
209 335
194 294
169 18
20 472
146 352
274 77
192 113
271 347
473 118
230 332
481 419
21 315
111 420
433 124
363 302
355 98
41 246
155 48
400 175
494 482
334 153
220 487
164 441
480 309
435 292
391 290
109 100
329 156
189 473
295 152
187 274
147 225
362 470
276 226
499 278
43 404
51 174
458 286
304 373
454 1
384 489
245 110
444 78
350 218
132 230
275 332
349 465
41 362
65 474
214 84
129 212
15 261
417 232
475 125
107 341
180 374
2 148
356 408
78 167
345 250
450 220
422 134
257 186
274 477
464 344
21 185
499 34
498 325
198 179
205 357
184 345
303 288
306 438
101 452
106 124
225 13
178 242
174 129
215 291
201 33
335 356
343 485
257 190
421 256
163 494
163 478
384 262
498 200
141 390
177 258
207 338
280 367
368 442
271 435
244 497
57 325
260 183
342 38
170 361
129 485
259 295
381 0
65 191
367 485
381 418
404 298
33 31
251 324
34 131
290 453
203 234
78 403
121 9
235 211
149 318
83 247
260 247
130 108
53 358
246 126
358 341
489 37
404 112
15 104
359 392
456 52
257 484
422 53
319 255
70 27
419 279
383 309
450 162
76 99
55 87
55 318
348 272
201 155
287 435
420 361
405 237
55 225
449 428
350 26
44 25
394 314
233 258
317 185
28 205
244 492
351 314
107 447
158 302
75 361
50 131
151 266
457 276
56 439
174 95
321 241
438 311
350 408
97 321
331 402
270 447
38 420
453 270
291 457
440 361
367 334
482 458
441 296
346 118
184 59
260 34
412 275
309 323
179 499
281 43
158 39
93 323
3 234
233 281
84 15
99 277
260 53
363 225
48 133
399 154
18 190
339 103
340 227
286 59
388 380
213 234
10 453
196 206
438 346
261 433
460 111
480 91
493 163
247 314
492 263
500 246
351 120
349 234
366 137
416 401
110 12
494 33
347 171
452 154
373 12
30 159
267 348
292 253
384 208
224 380
362 378
12 258
123 226
408 444
150 207
450 177
3 214
262 14
181 174
71 29
97 35
183 417
123 82
48 234
473 498
183 281
50 18
5 76
484 256
204 474
21 62
165 375
367 458
438 494
405 295
177 264
68 50
201 30
402 145
87 431
91 95
446 282
211 379
96 16
46 84
154 284
281 428
492 468
71 458
138 80
206 216
462 30
19 177
87 262
28 192
422 104
368 307
276 319
331 369
238 302
218 129
364 395
484 114
377 11
393 259
135 215
273 454
160 138
192 341
152 32
400 350
277 394
330 230
219 253
179 259
321 45
321 109
345 237
217 128
109 170
60 142
171 132
106 166
226 189
2 297
77 311
340 427
388 321
151 170
282 259
289 40
16 404
107 371
333 238
474 284
331 395
448 71
182 407
453 435
188 276
283 253
427 261
37 463
70 439
14 420
293 279
235 44
11 334
210 290
475 166
119 315
447 341
297 94
451 161
319 65
311 308
407 143
39 172
421 186
424 146
157 334
435 413
312 200
396 15
420 194
189 339
427 161
241 181
17 129
330 50
203 285
236 261
170 16
280 446
76 20
483 448
323 162
434 5
124 450
101 422
184 380
248 196
498 458
87 374
130 111
375 34
14 3
353 218
291 435
201 216
278 107
447 203
175 202
80 458
77 45
303 93
83 429
385 270
400 406
231 376
304 2
237 434
227 220
289 111
338 65
63 481
324 150
312 2
181 385
442 243
455 303
479 307
456 143
165 242
408 155
249 141
206 407
84 254
261 231
447 258
343 339
257 420
203 464
203 257
31 180
108 80
449 464
303 432
173 30
243 75
311 419
125 174
355 164
281 61
71 288
51 64
478 304
365 339
460 206
56 498
56 350
412 253
310 147
248 100
284 471
477 43
283 228
433 111
442 106
194 197
78 111
145 12
176 483
222 114
131 199
248 270
57 0
440 272
214 428
390 225
346 296
183 418
