9000
145 119
396 109
287 98
481 4
72 386
285 87
352 373
38 320
451 383
462 283
304 80
159 152
264 70
116 364
211 8
49 305
341 490
249 179
231 76
94 443
448 280
63 144
451 418
99 255
40 104
131 380
284 477
387 304
72 105
33 141
149 47
190 276
234 317
99 206
50 176
36 407
437 362
71 156
429 483
25 62
274 176
185 55
216 379
360 201
317 140
12 330
418 471
80 345
353 166
499 432
4 153
378 35
359 217
310 399
25 269
20 57
290 380
142 17
170 122
276 321
51 307
330 161
120 448
461 47
195 456
395 424
129 206
234 32
260 302
124 232
9 8
216 442
481 72
456 474
383 414
448 180
57 274
481 237
160 465
271 11
322 398
186 290
97 99
39 73
396 25
85 192
323 204
462 9
304 139
29 64
427 499
101 397
311 185
115 320
289 168
234 32
413 198
267 76
110 278
146 309
204 11
104 124
335 138
145 187
20 446
314 436
70 15
470 496
22 482
363 225
83 377
63 366
131 64
142 319
330 412
443 220
93 321
42 152
206 367
43 120
386 437
4 266
494 318
416 173
216 19
237 241
192 366
29 394
246 248
452 210
158 234
311 48
382 52
208 132
215 449
51 285
405 489
394 86
211 177
29 466
308 268
135 289
351 119
74 267
450 376
100 223
86 193
244 139
66 351
210 78
3 171
121 387
211 271
427 325
22 47
365 412
482 240
274 343
482 309
173 400
38 406
359 430
487 6
475 200
172 379
495 129
303 370
62 233
112 158
132 359
64 442
195 497
296 465
466 264
244 96
176 470
75 201
331 452
187 483
209 407
300 440
433 0
62 247
385 242
181 147
480 313
403 275
283 325
203 374
112 258
299 166
419 229
386 391
298 176
445 319
332 132
55 260
381 125
456 77
13 39
370 46
482 431
220 491
264 461
156 323
293 17
391 137
181 325
279 224
475 197
66 124
350 427
301 251
151 17
99 440
156 344
95 450
418 413
386 345
370 64
430 405
398 335
145 142
1 366
105 216
232 21
330 385
233 454
245 356
322 489
242 231
375 34
59 338
3 479
498 367
445 158
431 74
16 84
290 231
346 44
377 357
181 266
92 115
26 432
9 296
308 316
500 445
408 407
364 491
294 479
475 208
439 227
289 356
358 234
312 191
33 299
175 291
51 278
368 212
319 387
448 216
266 119
15 256
437 106
107 440
254 102
488 78
495 444
170 24
207 395
118 328
426 416
216 479
139 21
185 388
375 294
42 122
356 299
366 495
93 205
78 107
262 96
78 331
299 24
220 100
476 414
73 108
178 485
264 455
158 9
156 172
475 175
12 341
326 396
178 348
435 306
87 301
291 51
472 345
469 92
12 205
455 73
37 411
449 317
477 445
436 323
236 125
101 67
291 45
125 258
474 415
416 29
210 100
490 202
262 443
262 148
274 358
423 204
56 31
461 142
361 474
460 271
295 470
475 74
265 143
304 224
444 343
135 451
435 293
93 286
467 77
371 276
223 219
241 218
447 63
194 240
500 67
9 220
414 241
416 176
208 297
20 478
160 181
0 209
160 82
326 468
312 254
240 166
98 117
91 115
40 34
363 292
237 344
272 211
487 485
422 428
270 67
80 461
288 273
259 429
198 296
203 436
203 429
217 425
500 220
62 229
36 401
388 357
63 11
419 142
455 311
42 359
427 299
301 448
58 12
432 19
216 114
309 243
465 387
464 382
175 150
154 447
371 344
297 376
73 150
67 255
470 497
288 341
50 165
92 188
249 477
51 301
266 448
277 121
356 272
473 204
333 302
262 491
369 20
57 74
130 69
497 401
58 309
215 302
413 388
298 260
217 380
201 173
19 280
47 3
239 91
278 108
451 295
103 482
275 17
454 238
300 26
303 255
187 158
219 50
290 351
201 135
107 283
437 364
383 398
275 493
43 453
343 361
99 146
305 471
22 267
285 458
199 421
294 20
373 384
193 94
145 79
246 0
278 40
413 319
433 70
407 197
446 313
262 478
380 154
108 397
167 49
267 219
119 231
261 116
318 171
162 470
472 376
272 154
78 468
185 155
21 80
122 133
488 234
367 186
61 109
66 243
387 409
123 342
314 179
402 37
259 223
183 490
225 337
305 318
91 416
111 369
67 58
278 274
234 219
324 76
185 423
238 487
306 35
426 32
368 357
409 355
32 128
77 333
254 219
12 40
341 302
140 462
447 155
80 55
440 259
343 214
379 180
380 91
229 62
436 218
348 262
208 121
314 102
236 381
138 369
359 115
73 434
312 43
158 5
64 130
435 432
203 322
89 464
203 78
410 175
450 83
295 208
12 230
65 353
252 30
133 64
321 210
73 424
17 101
289 206
239 119
280 284
382 36
443 385
17 125
339 490
452 430
223 494
329 463
266 443
490 184
329 7
212 356
50 207
377 315
206 288
118 469
98 89
337 483
257 466
335 179
141 366
28 307
172 295
199 129
469 44
95 425
248 173
412 43
434 266
70 174
62 240
432 385
371 26
285 173
460 341
204 290
374 45
67 183
12 161
60 425
198 278
389 373
313 354
312 479
34 460
216 298
483 75
186 442
206 8
146 73
250 227
178 272
294 157
433 195
125 342
3 347
444 488
153 195
116 100
178 362
64 139
207 365
151 146
22 245
124 147
139 381
144 467
344 353
255 440
32 436
484 229
199 223
367 288
450 287
490 101
273 334
358 452
193 190
59 327
219 181
226 237
421 244
99 333
446 96
214 172
451 282
195 311
153 56
59 393
284 118
425 216
339 355
444 14
77 320
472 8
157 232
22 40
66 249
15 286
424 59
257 344
200 74
238 29
249 122
25 127
312 314
258 21
168 376
217 271
42 345
187 126
244 231
424 163
51 162
202 121
412 478
235 87
132 443
30 398
323 322
160 81
287 36
102 470
335 423
429 475
487 19
102 203
317 318
401 1
42 268
340 216
216 302
151 402
77 149
207 245
474 330
270 464
298 494
341 108
86 35
116 327
386 57
166 75
442 470
434 184
382 229
60 132
167 336
318 203
140 294
181 76
461 187
245 206
308 220
144 311
159 90
51 310
0 462
178 200
101 431
20 149
54 177
30 247
415 201
491 441
152 411
203 410
413 254
73 441
151 438
212 417
292 355
233 25
307 26
44 282
78 14
399 8
231 395
105 438
66 497
88 97
217 235
325 100
90 441
493 411
405 260
149 455
222 313
200 92
185 164
4 202
174 240
169 393
25 169
413 319
124 18
462 3
150 220
331 295
315 284
86 299
367 116
442 338
10 37
465 475
17 77
148 454
152 285
467 428
426 267
371 175
326 226
165 209
117 125
14 82
39 50
491 309
396 190
289 422
412 441
255 469
115 294
387 46
227 154
69 127
234 37
5 149
194 147
335 189
402 154
349 449
284 440
128 123
91 186
108 369
236 321
84 337
336 411
285 419
38 410
158 329
336 479
494 172
449 294
471 43
140 140
54 428
36 37
195 289
177 248
191 326
384 47
380 385
301 47
240 269
31 330
388 73
389 232
250 326
294 388
387 410
389 158
389 289
278 52
313 11
347 318
425 1
341 62
62 239
0 188
155 72
309 145
46 145
410 146
420 50
382 307
75 203
109 184
289 253
32 121
221 340
314 282
472 422
276 129
1 428
299 101
458 177
400 398
43 80
312 249
14 49
198 331
432 226
43 379
50 150
368 212
62 132
58 154
191 154
176 289
1 48
325 478
478 320
479 222
323 246
201 467
32 471
77 315
113 373
259 367
137 304
448 260
256 201
96 320
174 127
472 60
480 416
28 118
314 424
5 484
337 416
321 299
222 350
433 497
21 273
275 282
231 415
463 145
80 410
224 259
396 419
69 120
428 18
189 22
168 296
290 363
198 94
47 450
483 283
96 423
112 344
141 294
219 15
348 29
118 394
60 151
334 359
382 402
89 328
250 298
88 462
337 33
207 366
444 414
251 224
32 192
117 420
25 26
78 473
452 166
440 471
288 390
332 36
201 416
147 491
242 34
160 420
23 442
216 278
201 250
131 309
300 318
473 380
78 126
143 409
18 418
303 35
500 270
462 369
84 499
413 224
77 196
470 426
311 396
455 15
117 363
400 98
461 323
263 395
275 73
161 473
273 182
317 386
190 453
84 466
35 160
483 490
260 365
70 140
85 389
145 389
250 445
266 39
294 134
103 316
311 136
401 82
215 312
125 199
481 140
207 430
2 212
409 223
345 477
102 56
325 108
159 78
420 422
208 188
497 29
128 352
431 178
416 470
24 344
374 270
324 400
142 171
424 102
5 450
463 417
182 15
419 327
233 48
350 225
394 341
0 27
74 440
298 373
73 295
467 336
361 483
412 428
445 322
414 226
153 203
207 346
141 99
35 300
396 79
373 401
310 184
473 33
198 7
33 440
460 173
209 381
158 181
427 473
431 105
325 147
446 432
287 359
316 211
298 303
299 73
83 278
167 374
69 247
312 229
341 115
209 181
86 401
223 361
7 71
452 148
431 223
480 316
249 47
170 477
317 371
324 142
96 430
446 339
238 389
456 277
16 251
58 11
208 137
330 321
463 217
388 162
172 20
21 40
315 76
60 135
362 314
456 499
82 490
51 441
213 1
147 157
415 247
426 209
435 394
93 259
145 160
306 339
451 16
163 90
62 450
413 408
183 487
381 377
421 471
407 91
318 14
136 16
113 406
369 232
456 437
397 336
472 445
117 364
327 65
83 9
407 204
47 248
217 283
445 247
251 147
490 19
125 199
496 342
30 337
424 55
377 322
382 273
411 218
265 124
241 281
180 318
263 111
415 126
29 243
281 36
410 440
249 355
45 158
279 375
258 215
266 45
480 487
115 215
32 224
78 291
479 213
390 80
222 261
176 326
77 69
105 130
0 309
293 289
396 195
364 303
420 250
457 269
229 59
270 119
493 274
149 423
398 353
59 160
45 472
60 97
481 421
39 195
184 173
198 43
247 411
461 450
400 182
242 9
499 204
230 321
255 136
463 246
237 21
195 325
257 122
12 367
287 108
401 80
72 124
210 97
484 421
346 149
291 189
136 206
128 422
154 427
422 188
123 4
153 383
28 282
119 150
50 401
2 438
407 292
298 451
59 250
165 126
364 270
176 122
465 90
460 322
95 5
393 311
3 68
35 473
192 362
275 30
389 368
134 181
430 472
413 87
133 171
215 211
433 133
435 277
428 308
277 106
223 75
192 456
175 403
382 397
347 93
349 258
217 192
164 123
294 239
466 134
499 160
35 295
86 480
27 281
228 351
400 314
293 255
213 263
219 372
186 487
315 384
292 205
107 308
165 191
215 175
265 486
304 456
143 385
193 449
87 256
156 321
316 284
152 177
159 339
86 60
170 295
228 436
254 197
62 282
164 142
289 156
25 39
119 457
447 271
284 450
95 244
361 433
497 421
486 312
370 234
457 83
467 118
373 291
477 273
413 169
279 271
170 36
499 130
60 2
31 494
471 287
436 22
472 23
95 222
162 212
17 176
99 315
18 315
332 295
274 91
100 311
191 497
417 145
355 108
420 361
325 487
20 479
25 466
427 190
70 98
316 235
407 259
72 296
205 480
58 8
235 367
238 245
426 185
496 400
44 286
189 34
102 303
339 86
239 393
477 235
37 245
263 100
137 232
366 59
121 444
51 444
142 229
109 44
351 306
325 292
148 254
31 339
371 200
471 400
71 23
373 233
267 193
239 294
460 103
315 295
344 228
53 85
447 13
398 493
355 477
352 155
333 127
317 194
129 414
336 309
166 21
12 119
280 243
112 322
38 469
252 127
61 78
231 493
37 276
371 257
355 482
290 112
438 128
470 304
16 366
262 193
67 148
247 351
366 48
74 359
259 116
89 85
134 90
117 4
213 82
280 132
14 461
495 136
55 289
393 10
486 455
490 89
484 342
145 459
349 48
252 83
395 234
80 44
3 317
94 33
445 58
453 10
210 141
442 198
126 284
245 407
345 270
311 59
59 113
376 183
41 44
329 421
289 166
176 90
345 190
263 356
23 422
37 8
362 170
338 393
100 71
152 430
180 284
239 188
95 379
239 82
492 306
14 119
385 195
274 213
372 23
13 391
479 88
267 499
147 143
30 354
100 159
397 231
82 486
216 365
228 404
10 426
136 437
341 105
258 486
50 102
368 460
176 364
365 292
404 211
50 457
50 425
447 270
278 416
439 139
36 197
7 204
56 70
230 278
74 215
326 295
423 29
422 233
202 273
236 281
467 350
44 14
253 182
304 7
179 479
309 177
226 480
360 497
42 404
70 29
163 416
380 402
65 82
78 363
210 286
332 340
410 140
1 491
188 169
382 116
458 403
38 303
114 336
157 408
256 434
9 28
282 126
84 26
83 109
282 247
130 400
211 79
323 12
79 156
40 214
134 308
198 82
88 477
272 407
49 321
188 297
366 332
183 225
126 208
467 341
428 425
325 1
411 110
153 138
293 103
324 309
478 473
297 237
378 273
355 372
344 474
79 82
8 312
45 37
210 306
137 156
15 54
433 49
429 105
411 417
311 209
213 196
32 245
252 113
14 475
329 448
406 147
10 182
100 72
291 352
417 199
151 491
427 47
91 42
201 350
248 492
439 142
229 122
290 370
113 45
11 251
379 367
190 301
492 263
292 352
36 97
251 217
162 401
262 397
190 362
481 42
40 257
240 333
202 439
474 204
334 21
5 394
131 478
436 268
242 210
73 203
455 189
254 15
321 203
191 211
82 29
494 203
217 197
200 376
380 9
338 448
271 363
128 258
444 388
363 187
34 17
164 109
353 399
225 93
193 322
442 64
343 265
290 451
145 440
248 165
499 372
338 414
53 143
477 300
232 460
431 196
298 110
138 392
102 231
279 30
272 442
32 118
276 473
98 262
367 450
495 209
59 405
363 114
426 437
44 286
235 161
42 433
213 169
175 362
253 219
34 183
457 10
423 387
169 174
114 315
495 220
452 312
451 31
442 176
203 381
282 219
162 87
422 174
410 350
218 4
171 85
112 231
76 472
396 300
46 148
375 282
264 92
101 194
343 225
115 150
314 70
378 211
463 441
139 42
422 46
139 24
355 118
468 218
228 461
442 19
235 294
52 54
300 397
472 36
84 77
232 110
436 161
12 53
31 132
459 337
13 232
136 296
37 323
190 125
283 215
249 141
48 432
238 33
128 113
174 37
321 491
493 113
332 134
75 168
237 37
159 482
392 466
101 156
181 226
43 348
110 84
72 399
284 39
223 63
162 138
32 147
401 3
307 12
36 239
101 234
494 208
122 130
195 263
477 220
343 499
329 362
179 122
405 436
211 136
207 243
286 430
74 487
16 79
402 174
236 238
315 48
262 2
356 127
139 437
310 470
412 388
13 121
151 295
138 425
251 27
162 396
317 311
215 450
11 370
340 25
147 441
229 265
105 188
476 413
440 110
369 407
338 209
3 115
463 380
68 199
252 210
244 309
434 318
416 279
3 153
234 485
209 197
117 299
198 267
385 389
243 434
89 224
332 139
40 349
33 318
428 329
299 250
331 146
268 44
26 499
455 21
80 40
451 449
251 135
480 415
404 82
168 202
393 208
228 356
483 32
372 112
327 164
78 9
16 486
320 283
62 304
418 410
280 173
259 132
448 270
91 89
459 192
254 50
402 230
430 129
433 129
12 308
105 271
83 403
405 55
296 456
443 153
181 375
466 156
349 242
254 12
439 343
273 218
176 22
209 122
377 304
17 243
389 264
331 223
2 260
355 317
213 264
374 299
480 362
383 188
326 384
356 364
266 182
301 37
12 290
106 227
136 183
72 184
256 171
285 185
384 309
302 276
353 97
82 195
335 5
43 460
280 312
239 383
263 217
291 79
45 316
162 386
24 169
272 477
388 40
36 271
197 47
411 197
18 260
376 445
430 19
394 346
462 137
493 315
309 466
296 323
345 384
171 312
231 213
406 463
248 131
218 235
156 67
164 366
288 369
243 341
496 473
150 210
314 106
89 451
365 293
459 32
393 372
224 254
423 11
93 339
323 100
399 191
178 318
498 66
148 157
92 309
488 109
115 144
318 56
307 361
110 463
325 250
34 305
474 365
31 313
422 188
372 200
265 292
297 322
432 386
321 161
214 438
222 433
195 241
108 172
136 146
53 452
480 302
112 207
124 303
61 413
126 177
82 363
163 405
419 291
499 376
3 334
67 431
467 487
153 8
350 406
156 335
80 179
386 178
163 132
184 487
225 260
321 182
306 165
295 96
459 84
315 101
451 20
169 416
234 156
285 162
38 449
8 68
92 193
136 391
420 169
22 135
47 163
216 330
136 304
44 283
183 16
71 367
476 479
153 302
397 241
352 192
82 129
457 49
269 107
360 430
305 417
242 92
385 63
446 93
389 243
188 351
125 322
21 166
191 224
277 305
19 201
55 444
50 491
465 303
70 48
366 495
313 17
247 486
260 422
229 480
261 67
163 193
51 375
278 111
488 340
65 144
266 195
329 288
119 369
95 312
299 144
7 197
433 193
491 218
142 50
134 24
448 328
142 360
287 312
57 328
92 484
135 124
449 29
359 486
434 51
16 213
175 319
265 362
354 251
219 268
241 122
181 391
329 242
1 3
292 76
274 364
426 234
213 45
203 330
110 393
39 90
109 33
39 195
324 78
336 3
273 8
374 419
411 196
64 475
211 366
32 82
495 458
182 220
408 66
480 210
372 351
65 195
263 123
33 256
227 125
457 49
271 416
72 3
401 184
83 227
395 443
187 33
186 389
168 343
336 17
330 130
65 192
109 357
57 418
387 20
190 84
256 294
267 436
381 450
239 56
48 447
109 83
110 123
464 462
455 297
324 104
15 356
318 83
13 37
234 21
381 31
476 350
0 222
456 267
131 447
266 495
220 252
178 142
128 250
457 333
240 374
168 168
45 41
61 362
351 330
46 95
321 2
477 499
389 337
170 44
426 67
349 328
443 192
50 493
494 280
184 229
2 321
7 1
386 232
452 267
303 383
474 82
94 136
423 114
378 35
255 57
430 191
262 262
203 17
80 413
365 396
393 248
49 120
134 91
136 70
212 222
63 258
12 307
32 257
360 94
97 170
475 459
78 23
266 341
81 127
252 179
479 260
38 188
96 254
358 422
361 220
245 100
361 335
365 496
99 446
78 476
17 46
408 422
106 266
71 459
289 193
203 167
464 40
435 164
350 413
96 267
13 214
165 389
343 175
59 246
34 255
280 139
410 340
300 380
334 473
156 250
243 298
140 106
41 245
432 433
345 102
178 104
36 16
177 228
40 245
466 315
443 269
150 290
75 9
301 46
23 125
172 92
217 445
128 47
35 424
175 287
399 366
310 237
49 320
176 417
6 173
283 315
261 85
414 277
437 428
198 167
344 93
208 490
239 206
392 428
68 200
342 81
483 6
65 265
435 341
312 473
249 72
95 102
446 193
254 339
472 310
71 478
499 119
95 183
13 121
264 490
74 183
313 89
30 478
290 419
293 257
263 352
352 272
387 169
410 416
46 326
38 13
320 346
457 345
482 463
457 201
497 61
269 169
330 309
363 133
327 439
274 327
410 197
96 17
84 122
277 299
376 328
346 325
215 5
139 355
128 412
18 268
386 264
151 79
181 396
303 372
75 151
446 122
139 79
146 79
185 217
488 139
455 298
183 375
162 499
339 399
188 123
291 92
349 478
84 90
309 329
470 456
368 131
447 228
88 112
136 137
347 130
213 26
152 163
353 471
237 476
350 7
186 5
459 222
449 256
204 263
96 249
311 311
250 165
171 268
196 272
16 68
448 68
88 372
251 332
186 293
83 491
93 291
178 110
288 323
119 284
301 439
465 494
172 150
1 470
321 201
34 419
302 146
447 284
379 117
402 187
356 86
448 193
401 62
277 341
387 95
342 168
14 213
106 467
362 133
26 236
500 101
43 364
288 65
201 253
382 246
290 276
45 465
291 461
18 230
31 341
331 40
134 101
494 160
447 493
52 130
392 371
204 331
132 73
390 410
182 492
245 331
128 216
263 121
182 83
376 57
415 175
191 107
403 294
301 378
317 288
191 194
424 234
32 430
120 416
480 170
60 187
403 308
46 393
292 462
53 64
156 496
330 462
404 113
439 156
87 156
351 405
339 166
309 33
347 487
11 0
192 249
146 65
286 58
458 441
328 444
289 19
10 394
490 174
145 192
307 68
234 462
260 139
42 496
37 461
499 339
267 374
409 388
178 148
138 339
44 103
107 32
177 441
110 344
207 359
270 178
378 367
387 401
183 179
22 303
315 231
476 58
10 396
250 9
249 210
477 327
23 56
431 474
444 474
444 268
332 370
319 190
87 190
0 189
71 75
371 205
287 370
319 203
184 92
184 180
138 352
213 401
324 488
215 168
424 388
34 221
229 464
57 58
205 468
319 400
261 51
249 460
393 366
70 151
83 61
200 202
177 93
406 200
307 35
347 125
325 175
28 35
130 219
243 208
441 478
431 326
115 10
123 327
200 317
415 51
58 83
302 487
227 145
42 96
384 419
124 384
167 140
45 322
94 26
482 238
216 393
75 464
66 116
5 419
44 132
165 334
479 376
14 340
307 113
440 481
470 30
221 14
316 247
376 182
167 215
441 290
423 105
307 56
201 423
489 304
292 455
384 221
466 181
455 166
399 192
13 307
88 42
365 301
104 184
307 422
128 358
253 139
208 28
418 199
456 464
456 23
194 354
130 225
45 217
135 58
270 462
359 173
89 462
339 478
286 293
212 492
479 351
432 261
466 423
447 390
1 273
113 25
138 96
233 493
255 124
160 100
167 68
136 498
224 458
480 27
57 61
142 191
241 11
428 216
316 126
226 439
307 341
381 111
382 365
289 177
471 327
60 254
84 211
399 143
63 38
178 57
321 117
99 366
256 206
347 147
102 399
281 480
408 45
10 405
253 44
134 137
494 341
149 67
356 146
51 13
442 221
303 125
481 211
129 159
117 46
216 291
438 277
76 151
392 410
271 369
145 129
346 471
380 211
436 412
59 86
453 12
434 481
27 18
211 486
430 492
457 199
150 157
141 241
347 131
222 351
320 267
416 300
106 68
440 165
83 383
429 489
17 115
290 394
478 421
341 88
191 6
156 239
300 427
45 429
263 403
361 298
58 121
270 122
147 488
121 389
411 42
264 191
171 406
129 360
5 405
135 469
389 31
437 281
128 253
0 5
185 254
99 273
88 402
400 103
359 271
493 184
418 323
16 131
111 19
250 300
209 335
96 30
85 260
368 178
481 345
292 496
343 466
193 100
431 224
291 152
422 368
448 318
301 52
204 310
383 109
350 93
160 345
219 471
342 468
233 188
166 214
466 257
416 357
93 104
153 263
439 236
296 404
214 173
103 391
68 312
203 11
154 208
16 366
236 232
278 385
350 121
353 143
287 341
115 19
317 404
251 176
46 372
73 131
267 372
198 271
441 202
338 271
426 468
233 477
375 359
78 157
400 464
469 175
249 55
246 57
343 145
220 56
421 206
169 64
45 9
25 106
82 416
278 214
288 28
257 89
293 259
384 371
5 87
70 412
33 304
123 146
79 405
447 76
77 51
19 110
402 87
293 102
455 144
289 437
136 57
31 9
474 116
336 4
427 61
342 374
389 63
138 354
0 404
332 169
45 274
278 105
385 224
406 215
450 218
180 198
272 20
15 329
151 34
234 436
269 428
117 349
156 101
479 277
326 431
165 401
403 339
186 33
345 238
146 229
372 151
456 285
295 62
350 374
262 236
232 217
390 373
160 44
36 28
318 211
425 449
130 408
46 8
395 147
184 294
365 383
25 391
144 112
377 264
455 407
287 366
114 135
408 488
491 64
117 12
372 301
330 139
382 456
230 203
14 324
188 285
112 323
368 88
341 312
226 12
361 218
140 309
142 98
131 346
308 417
251 103
300 64
217 351
384 450
272 401
418 77
207 44
417 150
220 469
49 266
352 0
200 298
489 266
109 472
170 173
22 80
295 463
306 430
414 394
411 161
493 298
356 125
489 181
228 223
437 430
330 17
169 446
350 122
236 314
185 498
412 405
432 250
352 173
449 229
148 500
232 340
264 369
210 89
464 59
173 190
369 471
215 166
168 115
417 103
275 457
95 355
350 99
83 327
347 396
270 264
417 466
488 98
214 446
324 287
257 471
191 286
172 138
14 427
221 445
499 479
427 395
49 279
418 499
251 346
358 283
239 269
455 176
1 140
17 348
248 283
14 484
139 179
35 250
53 482
147 150
98 242
26 107
466 245
190 337
311 378
187 390
234 110
69 31
29 378
89 83
233 287
433 158
274 284
270 65
375 432
223 345
149 51
153 496
166 51
173 203
132 105
373 179
485 86
499 450
427 295
64 172
495 311
165 382
3 123
414 170
233 406
335 319
346 498
49 409
458 275
69 97
433 249
453 298
273 454
342 223
346 318
58 126
489 40
197 95
486 79
442 428
140 491
220 221
106 214
321 456
193 80
0 55
213 180
50 266
169 226
158 288
177 191
401 488
298 334
117 282
395 149
497 415
378 398
172 483
370 424
390 171
349 152
137 477
316 46
118 389
310 36
183 393
416 238
181 47
207 219
474 191
55 258
24 44
149 270
302 113
278 44
225 182
124 296
110 171
0 305
99 160
456 484
200 92
441 225
383 390
353 145
149 206
143 427
220 59
358 479
15 327
305 241
57 297
453 15
365 470
22 320
437 182
472 467
413 85
124 196
358 191
86 416
377 279
188 37
68 461
177 144
113 152
103 137
408 252
185 263
225 216
50 159
347 446
398 445
246 141
158 75
30 69
320 342
16 383
286 126
376 301
240 177
76 426
393 74
33 420
381 186
383 136
477 98
132 101
90 242
0 424
260 301
23 76
272 56
89 116
110 109
87 479
105 160
396 82
441 377
372 352
1 417
39 123
242 203
7 339
489 27
362 95
307 242
112 479
486 337
158 231
322 479
70 108
353 219
402 341
364 495
423 442
32 122
148 201
212 5
16 414
230 296
70 80
486 22
26 377
240 37
275 185
23 20
34 423
368 293
498 325
57 59
189 311
361 422
22 308
66 318
252 258
18 422
395 482
417 422
184 420
7 159
452 323
117 326
199 407
248 69
67 156
13 29
377 284
146 162
145 131
336 328
371 64
450 454
81 257
15 99
233 177
426 366
160 426
354 98
333 114
362 27
1 191
491 168
191 62
37 494
413 383
252 81
100 263
240 428
8 73
372 3
165 433
55 433
53 175
391 84
201 391
110 324
102 326
64 75
134 68
176 312
268 78
402 332
168 51
189 432
183 26
208 249
469 247
142 87
304 68
69 272
249 6
384 337
265 160
35 430
471 408
262 306
167 443
405 147
351 289
286 257
247 472
78 395
424 77
152 402
149 56
257 146
459 297
31 432
314 360
270 423
290 136
338 364
477 378
358 182
447 478
12 385
210 235
487 189
63 155
206 260
496 204
305 210
378 286
116 488
178 373
475 334
462 154
4 258
281 194
468 31
471 244
475 287
37 48
247 30
479 69
53 243
204 341
477 334
383 282
244 381
346 451
299 469
379 242
133 112
263 485
394 414
203 275
341 223
119 67
419 500
242 473
100 418
257 471
160 128
100 498
231 174
90 169
120 178
320 214
100 170
226 288
244 269
90 141
344 328
408 137
244 90
157 462
120 75
386 158
333 138
193 465
137 424
243 480
2 216
449 338
204 243
18 191
319 356
43 21
271 394
341 27
24 421
242 56
432 419
239 275
380 427
206 219
193 140
411 16
293 369
355 481
482 262
177 156
294 270
354 173
449 484
412 67
118 429
306 142
283 24
54 51
364 292
306 319
368 90
252 452
131 285
297 7
121 187
64 269
146 442
287 111
357 396
23 402
490 375
250 200
255 215
40 108
158 340
181 458
429 202
475 7
295 298
361 393
193 403
76 355
102 168
109 465
298 397
250 483
253 218
234 411
112 99
262 320
491 491
272 302
95 257
7 414
381 296
131 106
235 412
111 485
110 155
433 451
180 414
491 88
494 247
202 220
178 50
88 386
417 140
275 322
160 313
1 175
318 190
6 139
115 28
253 83
1 398
382 498
104 299
317 449
67 491
230 123
33 41
325 461
294 379
20 260
424 148
436 306
147 233
86 471
359 167
97 308
456 35
304 413
419 166
252 428
219 148
218 135
168 488
59 390
343 45
408 492
144 220
136 270
84 91
179 460
468 458
235 467
477 105
141 150
180 268
85 128
499 398
190 207
412 212
402 377
477 292
11 323
207 34
166 488
43 136
273 443
497 210
499 386
386 474
226 173
440 50
110 310
66 44
496 283
59 88
39 122
495 36
297 216
40 351
376 93
366 243
353 169
245 134
446 255
250 240
432 111
159 321
70 404
468 251
280 327
188 79
373 136
364 375
55 106
493 190
469 271
64 80
185 110
81 10
322 93
126 268
396 186
165 246
435 386
139 369
1 276
86 381
473 262
411 495
204 409
188 132
202 483
344 189
447 381
422 453
140 345
500 356
477 458
143 405
408 82
283 107
283 353
230 374
110 447
264 92
488 309
324 34
295 291
142 428
258 252
129 101
295 207
486 440
243 137
463 462
282 259
161 12
72 132
8 320
418 201
348 91
138 220
271 402
344 172
165 273
257 263
350 206
28 361
128 248
255 112
154 466
363 221
31 237
44 185
105 20
468 157
409 222
186 422
462 343
188 19
303 378
288 290
227 80
224 116
337 450
74 330
113 378
59 390
288 193
97 242
375 142
299 381
153 371
199 201
250 286
181 187
296 151
242 45
418 159
270 149
360 321
333 194
103 41
484 426
94 462
273 449
239 344
415 217
275 106
417 369
112 176
109 227
217 287
112 163
446 112
174 316
81 343
458 403
491 21
52 172
122 425
390 414
253 402
47 24
241 376
77 119
478 387
459 321
376 29
169 204
444 291
317 73
24 27
362 172
67 170
317 28
187 71
410 57
79 167
233 362
405 276
210 171
103 160
355 434
236 359
241 90
11 419
98 391
42 431
384 487
371 415
85 164
202 270
232 55
36 493
270 236
13 127
412 352
435 384
278 67
110 421
230 107
323 296
32 48
94 209
252 276
64 439
153 434
383 231
68 381
105 496
202 198
356 497
345 33
377 478
177 229
44 448
176 50
479 151
355 105
294 429
45 117
115 28
318 129
439 213
227 119
465 435
191 425
235 239
374 397
319 150
185 147
285 54
413 119
97 226
31 366
201 25
443 392
316 22
77 460
48 90
500 283
158 192
191 76
153 499
366 65
280 18
5 87
134 282
56 361
443 328
11 220
260 0
114 202
390 497
449 325
437 463
456 240
370 293
391 312
304 219
29 129
267 131
371 23
311 390
223 389
195 497
358 259
172 381
175 115
369 228
60 56
169 360
467 267
450 97
162 84
175 482
353 198
172 385
174 385
219 500
481 246
271 461
21 83
467 482
99 398
302 216
465 347
281 287
290 121
298 485
89 309
400 227
30 174
131 340
75 442
457 74
154 296
441 178
474 236
430 103
333 19
64 113
271 214
58 442
341 208
27 346
163 336
397 378
353 156
26 71
366 164
48 121
282 388
429 494
367 357
382 151
462 352
221 217
270 431
0 397
316 45
25 440
86 472
319 187
70 453
60 209
277 152
101 2
29 188
175 443
169 477
121 182
203 84
257 346
140 58
143 53
335 42
327 226
322 209
19 296
406 231
464 355
92 213
152 258
270 484
335 178
275 444
420 83
38 12
245 335
166 29
213 460
252 183
339 415
392 458
247 240
434 391
367 22
347 15
489 413
441 385
125 286
137 25
427 292
334 261
18 215
100 361
14 219
365 341
40 296
80 461
481 466
122 327
29 356
139 315
130 277
261 426
63 363
422 446
168 68
305 53
315 382
138 477
265 93
265 12
78 432
9 312
258 492
400 378
117 158
461 281
319 397
27 298
16 280
342 64
203 161
192 395
123 322
254 419
473 248
481 17
338 61
52 232
40 231
130 87
260 261
370 259
49 363
151 12
28 140
449 477
109 87
28 363
248 279
152 222
250 312
370 323
301 262
293 438
95 241
405 490
433 216
28 389
446 410
311 304
215 350
444 331
494 26
303 297
331 296
382 446
206 250
114 282
312 17
449 32
278 446
210 278
336 293
302 443
29 430
26 265
186 133
416 314
142 397
248 406
325 394
361 89
69 68
491 137
89 111
304 185
207 209
251 327
276 289
72 285
367 240
306 242
423 258
174 151
362 207
271 496
337 398
267 363
279 8
366 58
168 330
342 431
423 131
39 47
6 136
241 278
55 165
146 347
480 226
347 194
439 141
84 400
147 106
396 413
439 483
372 25
0 364
408 19
453 231
92 359
379 275
122 473
237 84
194 81
82 28
114 281
1 360
348 28
411 137
189 61
489 235
431 364
437 72
394 376
153 314
295 297
252 162
420 436
24 213
14 305
267 43
290 282
185 199
222 158
22 100
375 116
442 104
412 354
495 23
81 497
406 210
490 36
474 173
8 268
161 154
425 470
132 454
187 203
333 188
311 474
496 22
430 108
437 483
191 419
10 231
344 43
206 206
39 316
198 0
7 476
264 382
443 92
428 316
212 219
412 104
418 43
194 32
496 11
116 1
302 155
21 261
213 219
337 483
3 35
397 145
339 75
127 289
193 389
105 25
203 82
371 287
424 51
226 333
163 137
125 52
328 194
8 486
406 427
85 408
438 412
76 39
336 381
375 179
144 158
322 436
308 80
173 258
11 225
359 119
415 77
175 415
157 489
86 371
207 232
420 317
207 147
202 418
162 191
123 185
40 322
461 134
121 500
279 489
390 343
335 240
102 150
411 447
363 269
30 98
137 431
344 157
150 359
86 490
383 278
120 116
8 261
136 107
386 449
381 493
448 121
394 124
444 96
421 466
344 443
180 85
365 296
219 317
21 313
11 173
308 339
131 481
463 396
416 112
425 265
433 365
78 123
139 105
348 125
426 238
276 76
416 132
279 478
289 473
220 344
446 441
219 210
254 387
149 177
154 332
475 257
345 356
179 186
147 50
307 359
265 358
285 172
360 397
70 121
334 436
117 300
431 412
324 276
148 187
269 389
27 111
480 318
363 14
211 276
231 261
480 197
326 327
414 219
232 103
112 226
208 177
495 168
450 310
342 359
454 191
350 335
453 303
417 229
448 381
356 403
153 423
334 395
72 120
192 71
450 286
211 483
398 487
49 264
221 99
407 176
190 430
378 450
43 40
409 60
325 17
105 432
394 263
418 377
201 72
47 279
224 178
463 295
216 289
203 453
46 82
45 309
196 221
98 390
209 292
92 226
286 31
110 186
211 340
305 408
371 139
200 249
368 388
243 360
298 169
408 246
327 199
85 152
67 182
116 139
9 41
317 466
381 150
185 201
130 119
97 283
448 424
61 45
479 10
58 166
62 17
107 372
488 483
145 437
154 285
317 487
454 198
339 323
418 100
72 348
179 317
158 293
204 53
284 404
101 370
335 64
320 465
278 495
104 303
228 78
174 105
214 444
472 238
350 376
466 84
48 99
186 259
13 402
150 187
290 429
451 12
224 139
433 198
258 189
435 44
17 463
355 339
460 485
44 338
489 381
321 349
242 206
479 100
367 182
147 164
69 51
240 391
398 195
359 27
64 267
249 4
262 152
318 86
330 209
428 386
151 486
409 106
172 446
175 463
235 215
414 489
493 370
360 239
285 221
216 301
198 214
98 419
255 57
470 254
363 238
414 412
409 487
444 65
471 291
462 384
12 476
193 278
106 141
43 39
137 300
276 69
374 180
248 284
428 266
364 147
365 111
331 277
283 6
472 301
94 142
337 432
278 116
334 162
95 21
272 178
196 479
292 27
40 239
289 102
388 10
351 301
394 482
202 298
108 489
212 214
310 342
345 258
9 232
57 262
45 328
149 21
308 467
353 174
227 160
51 452
102 33
181 414
471 342
235 186
363 291
392 149
314 182
127 38
281 60
154 206
168 178
116 315
243 373
23 121
254 175
314 20
82 354
279 430
350 72
259 43
251 412
316 497
336 191
178 126
181 125
112 465
195 440
88 76
130 267
370 66
290 147
361 115
70 427
253 382
198 342
272 427
71 93
171 40
365 490
174 110
176 233
145 191
80 409
273 254
303 180
411 171
235 416
192 195
388 370
3 195
96 250
465 482
164 72
12 91
382 183
20 233
354 311
308 18
350 37
379 36
222 494
225 19
38 391
369 241
421 273
368 247
281 132
121 182
500 12
4 355
371 471
366 8
383 79
381 462
453 360
72 326
148 57
436 17
386 135
283 496
86 281
12 385
458 281
309 363
380 401
131 417
29 404
365 400
13 454
255 109
404 73
117 356
443 322
423 451
428 367
23 280
53 278
238 9
14 115
175 235
297 324
38 0
39 257
133 133
370 144
497 286
38 500
361 338
438 232
297 388
257 309
461 331
207 356
442 85
436 194
492 369
284 260
388 488
186 10
468 18
275 70
256 113
110 90
422 453
285 433
54 129
65 116
207 191
20 221
199 273
80 264
97 193
388 146
147 451
216 407
221 332
500 494
160 271
286 117
328 113
348 366
89 480
11 483
401 35
21 404
3 498
150 239
25 50
83 417
471 476
233 405
359 233
285 9
390 300
231 163
198 161
106 273
188 123
83 39
147 404
74 347
492 339
307 351
470 281
42 451
42 47
23 351
194 233
361 14
230 252
149 250
396 242
444 335
150 208
207 196
232 396
336 195
15 315
385 380
480 243
186 459
413 264
248 245
438 241
5 247
86 28
26 195
479 488
337 138
356 28
45 186
264 254
274 0
389 453
127 96
239 60
215 84
50 65
381 185
227 202
466 370
46 416
146 288
454 45
76 240
140 448
259 8
262 396
78 362
488 335
285 371
335 214
120 194
490 300
103 397
351 218
67 366
226 44
389 75
204 7
439 421
190 479
179 362
353 311
309 427
446 367
232 54
237 386
90 100
387 230
159 63
207 460
266 220
64 360
199 134
15 289
346 277
82 470
73 9
392 52
177 163
171 210
264 423
142 468
118 497
17 478
64 84
163 22
144 431
422 365
129 15
495 116
443 84
237 190
373 52
255 342
159 376
491 449
60 227
79 31
453 243
192 330
257 388
343 10
497 232
368 304
33 287
350 388
268 242
418 70
150 104
188 482
420 359
16 473
401 34
238 125
370 11
453 407
298 474
288 456
393 182
402 51
289 76
136 99
488 318
491 163
254 178
138 175
288 410
301 391
40 267
186 293
63 160
128 436
180 33
55 340
426 104
412 379
376 163
197 360
356 58
133 305
114 292
470 449
24 75
337 423
188 114
350 204
29 323
447 164
307 136
475 8
430 333
282 207
170 74
175 103
125 243
124 468
143 77
43 207
108 427
87 236
148 110
55 320
116 269
74 471
29 176
249 443
414 45
330 411
57 391
462 33
5 335
313 46
161 395
483 450
293 109
197 317
468 338
61 127
165 94
208 481
246 463
129 400
70 170
122 147
16 349
232 29
26 482
41 200
206 385
25 340
177 118
235 373
465 2
82 120
261 224
67 313
59 386
254 357
407 399
174 442
407 294
263 443
261 411
141 74
133 467
318 134
453 449
232 52
403 346
116 229
340 280
482 346
122 338
456 239
255 357
285 436
379 110
288 245
317 26
97 265
161 164
335 95
26 380
107 351
356 118
475 355
72 302
245 102
221 479
416 136
222 209
481 453
287 278
134 355
252 241
154 496
105 220
2 390
407 362
18 49
45 483
125 242
186 112
209 265
390 139
325 97
19 479
323 326
55 223
79 91
313 475
401 58
413 41
207 55
420 415
404 251
496 464
376 219
282 204
325 0
494 432
244 310
91 259
392 196
456 133
294 183
264 49
113 183
471 77
90 394
491 12
415 406
467 86
466 312
285 98
145 140
21 450
122 419
118 50
126 190
234 144
33 291
389 470
427 63
121 464
96 261
81 250
167 275
492 234
419 268
285 284
249 95
403 205
97 56
40 452
448 346
169 266
239 286
138 354
242 233
377 292
206 361
145 460
255 42
244 79
72 402
104 405
385 28
285 286
481 184
309 83
455 368
287 86
387 122
426 466
370 309
179 360
79 456
212 45
242 381
134 429
481 248
76 226
423 452
473 453
23 366
24 254
173 199
399 6
434 442
44 482
483 407
72 365
444 254
91 137
430 244
286 363
190 297
108 222
102 10
392 418
8 286
49 403
379 196
351 59
201 50
307 103
482 398
218 160
110 450
367 178
319 244
174 472
118 351
92 465
456 0
443 12
287 189
408 355
474 331
44 178
333 153
204 76
496 62
324 32
334 386
85 463
187 133
80 355
487 258
4 114
231 189
222 68
128 362
410 185
213 280
403 366
105 49
158 376
220 284
171 490
230 133
394 385
377 424
221 147
209 344
128 325
59 463
318 354
111 448
222 362
171 14
187 374
318 176
61 455
270 306
68 461
254 371
343 146
380 133
169 82
277 26
245 500
434 164
296 146
480 18
365 342
119 155
254 404
139 94
62 473
434 29
374 86
86 46
285 434
234 72
189 445
137 252
398 120
100 235
443 230
51 247
25 340
4 227
299 191
417 223
151 203
496 119
306 74
38 183
62 116
55 303
474 120
171 386
426 427
330 129
342 344
4 50
159 179
269 243
31 272
341 319
277 51
307 194
186 238
307 406
484 215
393 26
91 42
101 63
253 231
243 420
438 46
351 427
116 320
362 470
395 450
260 47
113 295
339 221
72 230
218 482
125 21
482 88
252 367
30 242
274 45
181 228
396 459
338 486
100 32
150 138
28 201
432 457
335 338
36 174
74 479
475 106
461 134
84 22
137 2
113 120
158 297
391 315
457 61
104 374
176 383
370 120
212 217
252 478
118 158
80 239
410 303
440 460
498 473
397 399
99 123
302 229
23 67
473 114
468 302
226 163
138 370
328 110
301 388
121 198
327 444
316 479
244 435
96 474
331 132
413 79
370 167
22 191
263 242
318 116
40 221
226 253
254 395
469 482
391 393
382 294
257 399
397 344
228 376
239 98
277 323
357 25
283 287
382 143
9 300
477 6
480 24
99 292
294 345
122 23
294 220
392 469
306 443
79 304
399 388
336 233
128 429
333 251
500 267
115 41
165 178
163 326
80 451
208 238
166 135
35 325
246 342
205 104
32 439
340 89
329 10
498 94
478 387
86 345
420 40
358 24
106 128
31 341
17 87
90 85
306 312
459 10
443 471
44 276
245 381
65 205
212 200
342 134
418 249
296 419
120 175
137 270
72 360
5 96
271 296
40 162
186 17
138 270
257 395
499 183
380 157
50 307
60 12
391 255
351 363
321 482
315 412
159 285
349 42
236 176
156 99
129 375
261 58
65 435
166 218
63 359
222 58
48 220
19 392
132 208
455 408
71 431
365 325
43 111
269 385
227 471
225 58
188 373
198 275
155 52
214 16
66 293
77 24
301 396
192 61
14 87
288 353
183 278
495 268
8 134
39 258
332 444
157 188
182 139
272 477
153 465
190 199
223 309
448 17
323 306
374 89
355 190
39 292
348 371
82 413
298 165
345 377
25 110
187 17
72 322
150 87
483 271
94 135
143 2
181 236
250 360
195 391
278 149
37 310
397 180
470 276
86 77
383 336
225 0
337 203
387 287
109 343
182 473
55 263
449 293
260 233
231 271
189 15
86 444
250 392
423 256
67 398
445 145
217 352
234 170
409 293
195 272
491 68
214 410
485 500
55 243
263 263
234 326
426 270
188 481
231 194
287 297
452 390
323 477
474 117
387 331
165 90
48 463
445 348
147 445
421 382
139 241
12 119
378 301
327 226
133 468
449 220
108 118
400 118
238 143
364 294
412 311
174 317
399 396
424 30
410 127
48 125
213 241
175 178
68 123
335 439
482 140
72 355
208 329
103 171
72 311
242 437
449 328
347 48
107 263
164 292
357 401
124 197
438 37
286 99
256 203
372 64
207 24
270 198
113 133
432 447
298 472
73 356
77 199
53 335
22 191
44 259
350 101
218 488
467 305
203 25
334 337
57 283
256 324
425 485
142 50
144 479
3 310
500 21
486 333
356 120
255 11
376 9
497 431
341 497
323 338
404 229
213 75
276 345
212 412
47 15
326 142
119 219
384 310
182 291
433 405
214 128
434 140
486 260
139 208
374 263
208 399
352 84
67 328
280 166
80 250
409 380
421 494
434 459
486 87
204 346
236 37
202 454
9 140
378 487
214 292
35 249
290 291
196 206
472 261
345 433
259 356
402 283
10 373
339 56
256 405
82 82
260 125
168 433
77 289
213 494
311 255
228 59
419 186
17 209
416 386
173 192
196 78
232 102
289 250
439 129
214 463
500 188
176 454
452 76
66 321
464 96
324 390
191 63
153 239
45 482
467 70
262 285
344 482
360 303
52 176
33 71
112 231
487 170
475 183
161 445
422 224
334 283
143 171
398 250
476 157
337 121
414 444
33 238
450 421
41 64
423 321
238 196
461 325
319 54
367 295
134 344
308 314
20 256
170 370
0 33
108 143
437 451
440 355
358 242
155 33
12 148
317 220
111 147
320 500
163 385
112 176
58 115
226 453
460 353
251 240
114 129
221 113
106 81
392 307
60 324
297 442
139 203
500 58
458 197
224 391
381 85
163 234
169 111
309 135
285 201
393 150
467 57
133 51
112 450
193 288
416 247
222 198
373 190
381 26
351 79
147 423
81 38
256 439
55 355
184 218
137 396
337 287
257 243
204 271
230 123
365 428
254 220
287 36
10 498
489 427
401 348
27 431
468 456
321 290
178 276
17 486
228 39
58 77
83 9
318 233
166 428
342 419
463 223
326 480
273 451
496 233
37 30
17 418
490 281
200 292
350 359
233 463
307 228
286 325
108 430
416 83
81 372
368 138
148 339
136 319
10 454
105 276
350 157
460 480
7 461
396 285
226 229
433 139
294 491
322 46
16 488
133 111
476 135
385 440
35 241
59 189
455 261
286 215
327 129
242 470
14 323
330 374
406 135
490 49
137 262
481 208
280 262
80 62
426 195
160 364
483 179
496 8
237 440
442 40
452 180
43 274
205 162
190 76
400 38
110 49
454 406
252 95
307 127
444 200
379 298
393 443
130 446
143 333
260 21
42 371
445 322
87 446
362 138
111 136
335 369
306 446
42 438
395 286
70 252
23 427
466 473
339 222
254 470
409 458
494 207
156 177
372 345
207 267
494 421
21 93
395 422
26 274
2 71
213 465
449 57
200 242
244 118
264 258
370 316
364 473
9 408
316 140
265 25
440 121
376 307
169 355
3 138
26 6
25 441
334 229
199 474
484 303
248 332
46 479
219 304
111 247
376 392
87 407
395 135
47 299
422 96
23 397
498 384
102 123
336 291
332 81
180 240
64 25
156 44
230 366
418 286
29 99
120 85
487 17
117 119
124 68
246 257
186 69
435 278
358 441
453 151
4 280
321 243
496 151
105 347
247 53
178 277
409 430
189 413
9 405
148 391
481 157
426 351
157 21
439 248
435 473
137 25
14 10
67 2
160 256
129 13
307 24
302 336
377 21
465 126
231 159
478 410
387 310
116 41
466 333
275 478
105 69
195 194
368 409
34 256
51 210
297 298
458 107
131 154
473 21
295 143
57 30
467 155
308 5
438 455
450 132
299 241
254 396
198 375
235 406
175 71
465 344
431 94
386 296
413 240
310 103
224 10
290 466
90 182
175 94
388 488
360 172
127 457
128 84
339 360
141 236
287 364
105 276
159 28
472 325
100 339
275 252
16 485
99 73
111 26
1 439
212 130
283 130
483 8
55 49
59 154
470 153
209 55
135 8
166 59
493 95
466 448
317 389
293 276
52 168
224 453
88 333
337 32
219 189
441 215
175 404
80 381
396 351
127 337
98 170
28 138
493 476
392 119
48 196
390 418
287 102
255 29
274 12
129 201
138 378
95 390
130 218
391 202
136 488
37 23
277 39
288 194
12 468
116 367
243 174
293 115
19 155
351 256
243 104
54 296
82 385
162 154
192 30
200 145
218 293
92 464
415 275
475 171
365 209
87 123
164 98
361 346
276 170
186 321
227 251
34 323
318 299
332 361
260 275
164 18
303 384
160 260
474 419
500 327
420 415
153 28
488 153
452 410
302 351
103 255
386 172
434 166
207 361
238 228
88 301
329 161
396 243
406 193
323 365
128 189
146 92
323 122
398 203
95 68
127 271
3 199
270 282
140 232
165 151
456 267
355 158
243 232
267 448
363 18
50 285
138 242
469 444
309 269
88 229
129 335
379 0
303 118
483 434
74 59
187 438
40 257
177 359
458 138
120 141
87 104
83 156
19 176
384 378
430 267
77 384
204 437
355 386
369 311
210 143
287 351
250 459
73 193
453 320
162 55
321 105
11 444
291 87
345 434
271 75
108 311
213 344
201 330
29 124
321 177
64 132
268 254
236 113
27 81
172 174
182 266
293 84
160 202
389 79
315 304
356 369
391 272
239 157
217 351
435 8
488 464
46 237
149 260
130 56
462 15
109 263
173 21
286 231
429 235
442 196
63 169
423 429
493 149
265 200
221 481
491 177
65 50
257 273
160 227
65 158
414 460
92 267
478 54
15 152
495 495
62 358
44 313
151 130
411 156
118 444
193 210
367 442
302 303
491 46
415 209
491 255
147 464
259 362
8 81
322 495
95 33
38 260
485 168
310 250
34 61
158 346
365 94
130 22
138 195
398 297
280 107
62 440
168 376
163 393
223 403
163 49
19 333
9 486
244 353
246 140
49 294
182 244
175 97
125 289
458 202
192 430
114 148
222 98
336 395
302 266
272 240
308 46
104 423
300 393
72 427
298 111
15 448
331 473
332 390
95 236
447 193
246 367
464 369
354 180
85 6
185 345
156 337
356 120
332 20
15 73
416 151
211 83
417 292
407 188
1 60
311 404
357 115
422 149
236 379
374 257
20 284
92 13
411 420
207 422
240 358
317 120
173 377
107 203
100 230
400 198
331 398
143 95
368 415
213 98
65 253
340 488
452 217
251 228
327 6
279 313
278 291
13 266
182 27
51 436
134 199
412 46
201 204
430 73
351 350
186 43
188 213
317 407
113 109
181 374
182 322
494 496
364 191
243 124
266 251
26 68
498 458
183 440
282 444
499 54
200 337
481 170
344 322
498 169
121 251
178 430
260 34
124 316
82 216
469 174
254 352
439 173
366 497
115 180
192 369
75 60
277 188
70 224
362 222
479 115
319 140
475 101
477 432
479 436
301 317
382 315
483 259
284 110
289 42
267 358
172 59
287 209
455 389
340 6
97 487
291 186
424 125
151 234
429 444
257 129
181 441
184 254
111 23
186 299
407 57
392 284
301 59
432 422
204 412
193 274
404 392
330 300
446 401
446 74
184 310
180 222
133 1
73 2
169 467
201 156
362 384
211 69
363 100
227 432
430 78
365 175
226 153
388 114
167 286
292 96
342 485
82 340
244 162
139 89
401 58
248 365
186 46
117 372
214 67
385 402
437 327
272 204
238 18
24 234
483 181
254 377
412 497
73 399
455 395
228 233
192 491
271 342
292 385
486 250
222 389
414 155
179 382
266 65
487 302
342 91
439 217
175 42
378 404
276 223
136 120
152 443
220 81
91 98
178 348
213 341
299 132
395 363
418 252
390 237
213 170
425 418
200 183
491 153
472 75
93 146
289 186
443 211
373 81
416 337
100 49
156 192
97 431
440 214
29 47
402 265
33 190
86 257
304 495
78 4
208 187
91 427
460 403
186 496
371 379
383 30
449 341
377 353
100 352
197 360
153 220
13 257
394 365
373 209
264 234
138 239
70 458
495 397
395 459
5 200
36 384
164 107
45 482
422 318
431 271
83 130
476 167
396 84
72 389
60 389
66 108
138 240
280 344
178 489
193 369
302 2
284 162
329 247
397 334
46 486
63 372
461 160
185 448
104 43
438 407
454 190
110 467
145 309
310 415
91 423
48 68
498 141
125 138
415 264
378 83
453 261
374 406
185 298
117 454
43 387
478 24
422 7
291 43
425 102
220 496
168 175
244 405
29 83
410 423
373 400
135 166
30 160
210 280
10 85
336 237
166 326
3 258
482 284
202 234
205 276
417 1
261 20
130 110
206 136
363 181
371 438
421 276
111 394
449 318
318 134
106 31
14 182
205 469
442 126
159 158
407 306
132 410
3 12
357 421
426 264
98 353
266 486
234 181
221 245
359 498
410 222
313 98
426 156
14 52
395 277
433 147
275 36
480 128
308 354
260 255
146 103
460 246
371 292
353 287
171 183
263 441
136 72
358 267
52 231
279 141
403 283
231 402
360 287
457 276
379 87
468 341
206 71
122 307
199 30
466 260
47 365
173 278
132 40
448 284
2 393
169 166
435 65
489 207
293 358
282 160
129 75
396 108
369 71
444 437
288 335
408 266
266 96
266 314
452 294
451 197
261 298
498 133
195 74
390 133
460 48
178 227
86 202
187 138
378 378
103 381
458 277
252 347
96 109
233 409
419 188
393 62
18 216
90 57
20 382
75 461
272 372
43 285
429 493
173 235
2 61
188 468
473 94
22 457
363 461
66 107
86 237
213 233
481 277
390 409
259 301
7 309
33 97
464 163
461 224
99 218
195 112
299 220
136 67
406 240
305 109
120 30
188 155
431 471
225 189
121 339
264 46
162 0
353 291
404 360
40 136
422 80
290 421
134 145
180 179
450 432
260 64
495 90
262 189
496 169
287 32
241 450
198 166
114 88
3 9
6 376
6 275
184 256
119 117
223 321
82 474
83 28
144 259
181 487
326 30
79 237
173 390
252 162
146 83
379 64
445 498
261 452
251 83
285 60
266 431
338 293
47 165
265 485
390 330
344 383
77 415
488 176
65 467
228 464
200 333
451 113
20 421
263 23
481 136
21 478
484 184
462 279
217 173
359 187
318 152
473 170
458 4
183 72
24 260
121 217
407 2
211 157
246 282
15 87
152 95
174 489
343 84
268 414
423 402
455 400
238 128
36 196
140 133
154 7
377 352
287 462
273 27
130 92
299 323
446 473
216 221
342 32
159 324
224 246
379 38
117 224
18 43
269 461
187 405
93 187
402 199
498 45
359 290
401 225
13 208
57 494
340 444
105 73
328 129
289 452
275 450
240 387
318 269
9 400
453 117
405 213
440 204
1 298
25 159
414 428
394 82
272 104
50 422
264 242
306 46
98 392
457 351
294 263
166 173
0 209
425 24
8 372
84 122
433 334
276 111
327 211
201 227
252 393
464 496
400 156
41 211
149 149
291 407
87 359
423 343
98 280
322 488
162 172
179 322
349 135
166 434
272 142
31 95
94 289
72 401
39 137
264 60
132 436
480 124
417 393
397 487
1 320
271 472
49 342
139 371
79 424
392 225
98 384
351 405
351 54
36 315
20 463
243 78
380 488
86 366
356 316
404 34
241 493
101 261
350 449
480 396
315 345
102 15
226 202
109 167
320 203
120 362
140 105
406 370
173 184
212 327
31 151
229 86
140 457
58 384
447 93
496 270
228 131
32 147
224 290
293 492
378 304
9 414
10 176
384 255
34 232
37 493
433 281
101 222
346 80
449 420
47 182
428 413
282 382
210 332
27 417
90 10
228 20
83 369
380 204
70 245
236 244
228 440
315 123
92 349
316 288
355 220
471 285
71 260
467 474
129 6
463 68
80 126
78 233
191 124
141 457
91 212
186 314
278 495
228 191
132 57
123 0
153 302
175 49
371 15
70 243
445 111
291 304
309 459
331 195
493 238
169 150
490 313
279 24
348 306
376 303
420 209
201 89
52 43
146 279
475 296
187 122
304 351
40 164
86 183
432 385
130 120
440 425
128 298
142 312
492 201
352 76
173 396
174 28
286 230
146 172
127 170
23 475
20 488
466 314
86 45
130 190
437 402
323 65
98 109
213 1
61 37
97 440
339 401
343 332
354 388
392 330
312 68
482 218
216 431
281 460
36 321
78 99
1 430
314 50
171 6
116 133
71 159
81 334
423 346
64 76
366 96
28 65
270 399
317 483
13 425
183 472
459 432
115 331
136 387
28 128
30 110
205 214
496 233
257 34
251 248
46 297
160 452
246 142
413 259
401 139
135 249
45 6
407 58
270 392
271 393
141 188
211 475
421 323
98 380
306 62
116 304
151 0
348 289
43 119
340 261
57 174
43 35
338 253
268 193
49 281
493 482
157 428
432 338
33 492
52 397
0 288
278 384
438 32
446 133
132 418
467 278
441 121
351 69
79 320
418 288
221 418
450 376
5 204
429 0
318 424
300 61
344 274
388 184
395 290
93 338
293 19
208 375
168 37
248 275
276 441
117 323
347 488
74 352
137 373
165 219
75 10
383 328
484 334
106 330
491 465
475 336
49 11
1 341
333 168
231 20
105 247
413 259
155 174
207 292
423 190
383 420
417 36
232 449
126 225
129 274
248 98
232 104
187 10
469 86
230 486
215 242
480 399
380 458
240 426
131 38
27 491
108 375
295 336
410 467
85 209
64 161
437 456
78 274
113 339
376 251
112 260
460 38
219 153
217 360
304 379
300 167
2 462
64 104
67 455
230 85
461 288
414 368
197 302
338 33
74 424
363 212
18 148
153 5
365 372
498 316
493 467
256 5
447 121
360 167
265 13
370 145
283 179
457 133
408 353
151 106
128 350
329 182
214 151
430 50
268 69
65 62
286 321
214 49
334 335
367 379
189 466
95 464
143 253
179 24
318 85
224 83
242 199
230 114
79 10
436 200
248 439
135 251
349 147
25 23
310 218
347 382
450 378
217 141
495 420
487 39
323 434
221 308
240 102
16 317
463 303
416 421
114 117
282 157
466 324
436 307
363 54
153 396
377 380
438 169
114 7
92 210
445 462
32 141
390 340
249 17
278 371
90 197
293 386
188 405
106 333
61 272
491 465
269 296
209 480
189 115
192 416
239 79
478 466
130 293
179 383
338 492
464 342
63 339
404 77
358 321
176 358
408 142
158 272
491 4
226 408
400 349
306 335
354 65
382 466
99 61
303 364
434 38
492 372
436 59
401 356
223 153
495 26
189 136
343 492
200 409
224 53
346 125
71 197
106 216
426 130
71 239
447 333
457 79
283 49
272 68
291 78
107 165
174 322
160 7
444 188
129 335
305 132
353 453
398 398
359 57
93 443
228 9
211 119
131 300
310 331
399 381
387 259
375 282
243 133
203 9
369 347
258 67
359 78
193 62
147 16
370 459
481 67
371 73
451 460
467 452
30 286
51 202
139 135
230 68
4 294
208 353
154 130
361 436
100 10
350 250
406 234
317 231
239 393
90 94
65 320
205 356
393 52
28 262
381 182
364 306
52 34
460 214
264 342
162 104
254 147
349 165
70 47
201 431
28 483
359 253
116 329
156 486
6 221
344 245
353 77
239 432
362 241
294 5
492 5
297 304
465 461
491 117
390 445
295 278
202 230
48 403
243 355
396 457
152 490
215 472
318 254
341 204
421 135
303 124
163 213
98 279
17 429
118 130
101 13
222 479
411 73
335 99
366 21
410 47
190 411
426 70
500 367
29 97
243 484
403 370
293 48
126 498
410 19
344 100
142 93
40 264
125 196
459 323
311 88
34 302
299 98
234 115
422 207
240 301
108 297
129 35
437 485
489 389
286 493
182 41
433 222
198 8
338 201
13 256
134 476
150 124
12 247
377 182
319 348
266 215
329 271
306 471
477 446
123 406
353 495
136 397
39 379
492 105
191 328
220 27
409 30
384 5
478 232
490 225
125 113
351 124
314 211
246 413
384 79
238 307
494 260
51 153
496 382
146 168
305 83
158 357
295 157
185 73
469 370
477 139
167 16
372 239
397 54
20 436
176 55
282 438
347 330
427 93
346 162
253 272
298 377
462 160
4 330
412 9
176 127
412 406
412 405
61 68
402 259
330 91
66 120
488 76
141 381
364 324
155 311
141 207
278 460
36 44
451 199
177 114
17 474
412 338
22 284
259 97
12 202
322 155
408 228
248 53
75 77
393 439
224 476
381 492
339 71
113 399
170 340
214 421
67 483
445 324
172 207
480 446
493 244
93 182
15 91
375 174
471 77
141 91
430 477
122 427
102 5
184 204
210 33
398 7
454 94
220 165
225 259
456 127
476 27
377 20
375 355
57 99
65 268
470 304
295 414
40 285
441 470
222 216
159 195
362 435
387 478
127 221
378 126
21 447
361 10
170 473
310 52
78 141
106 283
325 377
197 444
12 447
284 478
142 258
156 422
115 222
64 360
167 421
65 252
343 131
126 424
238 60
330 317
370 294
492 172
160 330
261 173
406 150
292 231
483 13
191 238
288 2
206 257
258 19
448 316
374 464
323 262
325 190
178 325
371 229
217 207
252 272
57 341
418 179
4 483
148 17
267 395
87 109
452 95
181 24
291 183
284 241
71 190
436 179
62 315
125 360
311 47
118 95
24 21
91 175
468 218
233 42
110 189
14 165
72 445
313 63
245 60
126 442
305 373
418 367
31 225
63 262
445 316
305 155
454 61
266 74
466 51
13 409
198 487
71 340
320 247
56 341
83 125
111 20
63 167
75 17
311 91
10 146
217 9
359 344
206 224
112 292
116 196
324 64
289 452
435 26
347 287
231 50
171 154
213 81
482 485
271 29
479 427
330 377
1 47
101 314
487 421
84 265
79 189
207 407
149 65
384 418
46 49
122 183
180 227
166 343
63 233
136 308
291 60
262 17
217 316
209 440
332 244
263 267
466 345
181 26
67 166
292 82
92 68
447 303
112 12
292 247
441 316
448 332
69 384
346 315
127 412
13 354
282 475
302 278
399 396
126 345
303 197
375 41
386 32
167 179
59 16
474 155
195 31
295 28
47 429
7 295
454 345
128 188
68 184
376 246
286 171
493 82
80 350
292 54
318 422
206 12
313 126
124 339
427 382
245 274
291 47
192 239
476 308
104 364
393 479
195 14
199 105
194 254
344 320
291 104
273 58
479 129
176 6
88 349
406 364
272 178
185 411
152 294
253 125
95 152
403 265
56 7
228 152
131 484
233 462
30 343
274 309
352 120
304 214
478 199
484 445
417 147
349 193
321 431
52 195
50 380
125 316
344 49
162 384
146 436
388 312
273 359
323 206
13 274
393 445
18 151
414 76
224 273
218 445
42 1
379 388
221 234
353 196
367 366
247 82
457 412
117 198
375 127
483 35
358 396
443 398
300 202
459 78
470 381
273 39
386 202
412 467
85 221
490 95
14 326
33 323
113 146
478 21
160 179
93 104
190 123
291 183
397 47
497 311
320 260
117 263
360 242
189 408
461 240
113 211
493 223
179 143
317 61
384 237
454 322
39 165
243 238
421 161
117 84
47 490
181 371
77 373
347 224
433 211
454 111
330 226
279 345
268 196
39 103
335 461
407 302
279 294
44 59
308 64
487 22
240 393
386 242
144 302
335 139
82 485
270 193
251 473
23 215
281 39
114 86
201 230
255 169
27 439
36 487
14 495
332 20
426 433
427 418
387 231
433 384
40 387
497 15
222 310
77 308
69 281
56 213
235 7
146 142
267 175
413 164
235 315
81 6
491 362
16 225
228 20
7 286
417 463
338 36
107 431
98 449
407 429
7 324
83 340
127 200
240 28
144 395
52 273
410 177
235 276
170 373
27 154
65 94
122 9
134 312
441 161
222 17
328 251
68 375
365 422
151 178
64 426
107 187
83 117
429 68
140 402
33 354
243 441
160 225
485 224
455 88
30 268
266 402
423 94
362 387
33 44
107 150
493 104
480 132
487 233
271 346
296 294
241 129
334 435
404 291
403 322
406 350
285 110
447 328
481 413
458 135
479 69
362 469
13 118
278 339
263 482
121 473
417 342
340 42
144 220
212 9
492 296
305 380
47 439
336 476
68 102
348 91
413 39
297 294
22 216
435 386
183 417
449 378
124 36
491 219
323 416
399 308
259 349
32 33
110 164
236 474
169 196
148 354
328 455
348 43
290 233
237 78
178 16
146 254
336 435
61 135
405 232
480 461
19 489
348 409
465 496
482 271
120 407
66 422
284 38
370 366
37 224
237 327
482 49
225 377
444 228
366 411
28 352
440 189
470 308
240 127
253 96
195 301
354 447
322 436
251 258
92 183
199 416
17 232
309 85
403 376
382 404
200 182
250 352
181 295
285 54
31 297
257 1
371 229
240 106
231 229
87 106
392 355
7 252
139 382
269 24
163 40
269 38
17 241
16 372
198 138
315 121
80 159
326 22
360 353
430 453
202 88
213 351
173 309
472 487
40 454
100 181
8 444
222 276
410 452
16 70
45 138
262 166
259 43
456 316
500 20
26 43
75 256
162 266
55 353
455 231
492 494
424 215
74 150
274 287
203 214
430 484
127 319
62 364
134 400
244 346
470 469
401 311
405 209
483 116
118 264
237 413
87 128
418 345
354 486
166 257
323 260
236 119
244 312
264 471
22 392
304 37
299 292
471 126
106 136
328 314
333 154
46 414
47 232
41 53
13 172
184 488
403 323
0 23
287 370
435 0
73 304
345 494
131 274
166 180
80 436
7 439
79 308
165 52
350 253
322 66
438 441
191 39
489 304
114 373
407 47
117 303
489 490
102 273
38 33
453 241
131 149
484 125
129 458
239 53
349 187
317 68
398 71
44 111
37 480
79 54
425 463
170 51
281 341
494 303
176 315
370 47
408 127
102 403
481 460
365 449
430 232
303 18
319 73
397 259
179 146
221 321
421 403
159 405
444 90
91 348
77 180
419 272
391 147
308 355
431 288
248 323
349 71
19 155
305 173
462 374
63 424
20 339
469 6
79 342
127 365
253 300
388 321
429 309
200 372
318 425
6 285
97 373
339 161
51 20
154 233
339 185
64 16
183 445
157 59
173 361
398 306
23 211
72 443
255 390
25 28
253 182
497 4
147 190
271 77
370 436
351 151
112 359
68 274
288 474
364 247
116 450
184 85
355 35
63 62
496 327
473 273
442 435
251 217
193 327
493 419
26 42
435 134
436 496
391 299
465 497
460 275
73 397
117 447
289 292
406 446
176 260
306 317
492 286
338 421
113 482
185 282
486 369
404 308
114 328
242 498
485 316
66 398
429 217
243 403
413 430
378 482
222 474
333 349
121 182
69 226
166 130
32 5
345 353
382 218
0 36
464 387
243 18
177 379
48 432
2 425
103 131
259 105
44 331
379 423
200 323
238 121
297 221
465 1
260 406
60 497
383 374
407 304
297 284
280 471
126 448
453 467
115 32
378 434
333 473
39 195
24 362
120 105
83 478
274 343
471 162
65 425
351 484
363 335
466 72
203 288
389 140
262 23
470 175
371 113
53 399
324 331
186 444
495 120
299 225
304 238
119 122
453 109
141 458
277 293
184 230
240 55
469 143
221 283
41 249
229 372
276 165
265 243
253 156
126 220
336 242
241 484
413 149
490 71
434 274
6 129
71 244
420 239
281 409
284 43
162 247
48 409
105 15
256 73
154 459
499 180
288 419
236 322
358 57
355 371
313 464
415 147
372 196
329 276
498 478
420 23
454 261
392 220
109 320
186 11
15 264
2 333
15 409
303 5
264 291
271 95
172 337
121 4
430 456
358 279
452 457
432 233
305 393
250 272
428 55
326 195
265 107
20 297
198 256
303 160
415 407
190 464
287 13
92 73
67 455
216 459
486 358
85 323
349 472
10 323
91 225
286 389
214 40
247 323
303 108
399 289
382 233
449 125
440 109
61 197
217 9
260 259
298 206
7 136
81 155
371 105
379 239
321 50
317 309
463 245
422 247
488 267
158 172
77 129
61 199
352 325
212 48
390 128
227 427
225 65
142 372
74 59
271 207
91 218
3 34
367 17
284 364
350 376
412 268
152 160
394 456
288 449
315 124
57 246
359 127
206 76
19 406
355 356
347 224
411 190
321 333
436 109
105 430
283 413
471 262
235 5
367 446
152 352
50 77
394 398
42 350
485 261
390 163
113 85
158 226
383 385
486 482
141 132
43 309
414 335
157 32
361 230
234 165
223 109
405 317
450 93
340 226
493 442
411 23
150 293
416 424
473 15
11 62
397 227
389 28
410 484
298 391
141 496
95 285
460 57
213 405
157 48
145 307
433 131
302 128
365 493
91 288
155 373
428 267
249 18
388 241
18 467
322 472
449 369
91 417
108 441
139 38
404 333
49 61
304 128
124 239
183 194
144 413
500 117
227 102
237 107
390 360
379 165
188 24
291 122
5 175
209 370
49 97
86 124
345 36
98 325
81 30
46 348
340 118
77 68
143 437
222 496
487 319
410 255
13 413
472 488
344 28
232 355
79 315
340 61
107 47
393 417
46 495
465 88
218 79
451 30
43 111
286 52
378 343
407 354
498 3
397 150
312 66
274 207
369 429
125 196
51 358
492 85
309 400
167 199
1 240
47 328
298 181
172 206
92 493
257 181
120 319
497 169
482 303
246 387
304 405
207 356
218 15
296 325
165 343
34 295
62 465
6 192
219 117
36 361
229 483
223 88
212 33
171 440
65 483
150 351
381 376
342 487
339 199
436 269
99 353
299 425
8 35
218 396
129 267
225 312
190 348
444 130
377 417
494 33
43 298
383 11
251 353
243 33
227 142
382 25
190 345
173 317
39 224
280 128
252 42
55 489
463 1
233 12
143 262
54 217
152 193
286 37
97 396
412 148
100 11
225 146
395 392
272 363
271 214
137 225
275 94
116 493
271 35
297 336
82 494
194 71
310 325
220 399
278 358
46 151
356 232
149 252
347 47
204 21
430 486
364 349
370 449
456 104
412 65
340 164
281 422
160 421
24 249
57 439
472 164
29 392
122 190
345 4
157 360
343 295
152 414
164 351
126 103
293 481
307 270
115 67
134 181
231 303
311 298
438 198
117 452
265 491
288 259
444 198
74 206
71 31
254 411
335 7
303 266
455 299
239 179
274 5
290 82
102 189
3 154
409 480
64 290
137 155
232 188
334 351
312 46
488 364
211 355
314 51
60 489
458 372
395 357
290 482
38 478
43 296
398 130
46 416
206 357
261 450
380 431
227 242
184 386
314 352
284 446
50 426
440 78
33 168
116 223
324 459
387 338
233 379
22 332
499 282
157 126
246 301
218 65
450 218
133 33
32 264
299 332
132 130
97 202
147 448
192 373
120 448
51 271
261 388
250 219
246 379
12 231
172 197
305 426
162 174
305 305
325 243
40 356
428 332
295 194
106 150
81 144
349 151
35 116
302 113
409 451
9 24
30 83
127 469
51 492
377 430
350 475
222 396
105 40
228 234
176 115
117 38
417 470
290 423
237 499
17 156
214 456
134 165
379 320
95 397
354 374
248 419
310 356
432 177
33 38
29 492
480 54
1 482
240 298
476 25
301 119
285 386
45 300
363 199
32 474
17 31
174 349
250 53
299 246
315 327
455 350
178 405
169 325
15 203
118 45
360 318
211 136
261 141
84 385
102 446
477 416
343 22
289 367
224 460
24 180
225 331
258 343
232 495
441 403
122 75
195 50
299 9
353 215
318 421
174 55
167 230
366 83
242 109
474 279
21 281
224 74
235 416
170 408
97 101
189 347
496 200
169 326
322 182
122 378
220 145
253 409
209 406
12 101
216 353
138 481
303 393
204 55
322 104
161 264
119 387
96 409
448 164
287 201
353 206
349 488
475 175
409 348
244 59
71 359
206 458
123 359
149 401
298 83
239 286
28 362
133 335
238 286
444 20
379 176
225 475
371 35
340 53
283 311
28 94
167 124
35 479
314 96
97 83
415 51
268 347
40 271
458 416
99 288
88 198
301 359
329 68
434 278
164 161
122 366
165 399
331 126
208 186
352 144
355 434
385 175
471 474
137 93
412 373
21 262
301 324
423 71
179 433
319 203
329 489
238 214
206 358
282 82
137 311
257 428
86 57
227 3
320 271
110 156
59 109
20 85
380 15
261 310
476 397
163 317
134 251
282 247
458 105
149 126
265 255
497 47
97 465
428 422
152 453
413 7
123 279
330 72
243 2
377 400
97 307
138 401
154 22
21 268
95 203
142 241
274 105
162 146
318 147
34 417
424 480
328 95
275 107
146 309
198 51
232 235
223 239
68 130
19 174
159 178
323 173
226 440
264 393
406 191
172 279
500 24
489 225
231 6
255 219
352 433
446 290
153 121
405 422
97 302
119 293
11 142
243 456
182 477
427 330
171 313
317 402
310 488
71 175
212 251
404 53
33 155
87 419
302 464
499 251
180 13
258 376
110 274
341 340
110 426
207 392
310 314
363 6
132 62
167 152
432 19
341 5
216 369
265 425
498 491
280 139
480 388
20 395
342 207
232 463
245 318
1 64
399 332
49 360
16 203
66 167
452 451
455 222
384 391
427 67
375 134
217 447
459 411
104 351
331 437
34 431
191 263
325 452
158 187
71 178
454 161
159 449
239 369
422 142
117 385
469 281
93 365
415 481
21 362
23 201
401 63
151 4
199 450
323 276
451 182
130 483
17 276
433 31
221 429
488 165
489 64
146 48
51 450
279 257
63 425
281 280
79 38
86 203
404 328
272 33
250 290
113 227
456 27
122 84
276 308
159 186
8 36
214 405
84 451
274 346
285 440
48 80
392 88
259 5
260 435
281 135
153 68
306 442
349 454
368 149
460 351
332 261
106 99
202 451
87 270
151 333
200 22
322 105
376 454
0 30
198 423
367 488
249 70
171 160
65 285
68 228
455 397
55 461
207 389
110 277
474 304
453 72
430 32
98 369
452 231
124 365
133 409
307 307
276 19
2 186
284 59
136 249
337 28
300 265
318 64
89 106
142 177
248 372
444 370
274 398
303 159
477 453
231 233
233 316
282 103
290 133
483 428
60 371
151 65
426 102
78 141
252 53
311 199
489 475
13 26
305 268
414 10
336 311
60 76
347 208
79 239
3 205
336 119
209 418
13 251
338 185
153 464
409 336
144 164
239 152
40 208
322 409
298 442
44 302
101 379
180 380
471 453
48 47
171 299
243 222
64 73
480 203
322 208
301 347
84 327
293 204
340 57
105 176
318 263
462 389
197 398
87 150
42 13
273 474
405 7
286 445
151 161
213 382
214 217
173 254
57 421
314 3
140 324
398 84
241 378
93 198
67 342
396 2
397 250
351 53
181 251
184 14
25 125
421 429
448 65
184 250
52 245
369 269
105 30
45 3
289 178
45 458
238 142
221 353
70 245
371 460
73 442
257 174
29 233
473 150
150 60
290 92
278 433
422 96
228 465
363 398
194 357
56 364
101 278
467 31
297 54
491 230
269 258
141 167
59 331
138 258
309 423
315 325
53 403
484 120
119 105
58 131
197 49
163 151
67 394
196 265
174 26
474 256
492 269
69 266
485 196
55 207
300 294
185 391
87 67
456 480
6 449
225 451
245 313
170 125
357 131
189 325
223 494
332 175
135 101
11 191
335 141
5 101
454 311
427 104
453 384
145 216
227 324
67 401
289 378
311 193
98 295
229 203
82 201
263 361
339 440
82 288
309 338
110 292
28 496
460 132
150 412
232 155
270 305
168 0
364 45
486 20
7 120
410 422
14 99
176 112
324 245
490 172
92 318
205 386
2 313
8 199
376 189
488 302
116 366
237 38
440 21
473 22
66 451
294 406
148 224
44 401
181 93
315 100
120 197
374 160
147 115
385 415
417 246
371 439
239 62
319 348
53 212
109 201
236 242
392 307
135 236
296 259
375 321
261 185
289 57
126 309
173 289
186 433
153 193
465 122
307 214
110 142
32 220
488 495
192 29
15 34
22 219
228 72
439 361
361 203
406 407
432 34
31 134
46 109
145 337
392 229
395 348
84 27
393 191
439 347
143 234
94 461
222 376
137 53
244 24
212 297
378 9
407 349
354 40
372 289
461 369
468 279
339 82
418 261
131 49
177 475
204 74
135 148
181 78
214 355
263 8
17 116
456 150
311 391
12 354
210 112
299 225
252 84
209 201
379 413
405 483
394 207
101 28
107 374
130 238
60 69
373 311
242 73
192 35
168 152
258 169
418 166
202 384
85 15
60 472
132 286
425 53
307 260
268 32
294 76
432 410
257 7
257 0
187 77
44 44
412 52
473 281
156 203
19 274
99 38
288 445
126 135
227 169
18 261
270 103
115 112
408 8
181 383
229 404
343 154
481 222
499 228
205 495
312 150
13 497
350 499
500 173
124 406
234 185
332 411
9 409
338 405
85 396
234 187
126 308
71 102
129 434
304 31
479 328
176 169
499 236
230 249
228 498
350 170
171 154
25 360
351 49
18 2
222 19
439 477
116 65
243 307
126 177
479 176
58 314
281 496
318 421
49 48
241 381
483 386
413 300
178 135
435 371
19 375
14 119
103 344
25 115
38 33
434 415
80 253
256 243
207 211
61 453
161 245
350 172
357 87
205 367
430 136
399 212
295 87
446 258
64 239
168 230
128 337
238 6
98 343
173 482
460 60
196 85
20 340
334 63
439 334
241 188
445 246
84 420
185 351
264 201
290 13
462 324
460 362
246 394
185 43
436 240
420 457
61 319
354 152
398 31
358 117
285 432
305 429
461 150
13 427
497 399
280 75
11 350
492 13
179 300
184 241
393 165
44 126
410 397
378 403
215 10
37 490
180 355
25 351
173 348
10 131
500 166
268 304
4 255
458 31
313 155
200 300
3 334
229 143
77 123
404 478
307 312
152 44
479 372
89 56
9 473
177 223
8 326
448 261
26 338
27 281
391 206
366 255
422 410
117 259
408 242
172 351
83 245
432 299
484 436
227 11
134 267
45 497
276 500
345 448
262 0
91 84
349 128
202 109
199 151
133 391
179 178
180 179
172 192
18 445
113 233
441 186
435 448
153 377
239 215
253 64
498 48
276 63
58 363
159 139
107 320
492 450
296 364
11 357
477 213
381 127
331 158
414 348
187 224
310 215
159 190
243 280
96 176
81 63
476 300
89 326
320 450
465 91
181 483
409 133
411 201
80 317
421 382
477 46
267 122
112 288
391 20
80 347
168 295
149 40
12 119
63 124
444 370
271 182
94 322
66 42
245 270
228 415
237 260
195 419
116 45
228 399
408 337
380 424
421 460
477 283
390 185
40 47
158 391
55 485
146 123
385 177
78 303
37 287
273 35
172 307
148 267
352 249
37 384
216 288
471 485
428 472
394 133
33 98
253 57
101 451
51 114
32 246
31 479
251 295
34 161
380 302
469 101
249 361
2 60
130 435
298 500
383 292
46 173
262 144
191 23
155 38
133 294
483 352
142 105
263 91
281 153
362 183
491 65
253 173
95 436
485 359
78 46
226 141
114 480
287 420
229 283
381 359
380 31
421 396
347 422
349 49
55 456
440 289
105 248
315 280
350 387
396 410
34 294
348 81
280 26
264 147
101 94
85 317
152 455
364 234
257 321
138 84
450 265
263 354
200 328
141 207
185 363
176 302
127 401
182 362
163 399
2 220
500 253
34 46
138 374
340 482
473 92
480 410
94 221
366 27
452 311
146 409
274 153
339 54
353 199
462 444
422 318
103 403
290 335
155 78
299 317
309 354
6 193
4 244
389 197
466 30
498 58
177 347
185 470
95 20
13 441
137 238
370 356
256 473
332 120
163 315
392 217
194 164
41 113
232 6
159 235
35 93
298 94
87 76
479 31
81 29
429 181
81 167
492 122
228 422
11 130
360 305
289 99
170 19
398 199
58 72
309 19
92 290
163 114
412 188
435 138
386 248
136 104
304 210
391 410
228 245
468 81
101 7
67 308
339 187
52 149
329 378
419 393
353 42
15 19
166 469
115 430
291 162
72 178
391 33
171 192
236 238
66 407
182 387
184 143
64 399
305 134
248 397
371 412
423 212
182 152
49 462
277 368
112 24
373 36
470 71
100 179
84 401
291 229
132 422
290 191
479 225
422 474
305 329
447 305
190 379
222 421
357 212
455 37
404 259
113 348
274 67
448 303
346 305
219 0
209 348
336 13
181 284
474 369
211 52
317 248
373 402
439 211
195 268
350 204
79 45
299 438
109 119
245 252
260 207
205 26
102 481
441 2
266 14
471 445
25 325
70 191
195 435
391 434
202 296
296 396
328 341
376 295
157 371
44 434
416 369
373 135
457 351
29 395
346 267
88 252
210 220
267 14
385 434
24 354
53 5
435 342
356 456
482 85
432 388
68 351
53 406
344 39
3 371
488 326
315 68
308 252
182 135
235 409
358 484
363 248
96 27
83 111
140 279
202 381
179 450
267 465
376 60
416 161
491 184
457 340
452 167
299 117
264 116
270 376
379 450
350 305
41 237
124 28
108 239
79 171
481 412
156 211
365 369
36 438
408 413
310 47
124 100
36 12
311 335
98 111
348 467
444 319
488 66
447 361
329 246
325 89
446 267
211 465
36 403
120 498
180 391
151 31
169 361
332 431
258 456
150 408
147 445
246 211
470 189
383 443
481 490
473 379
166 421
245 285
96 265
380 107
193 169
372 374
450 481
341 487
292 94
440 347
